-0.00707416890112616 -0.0612482030396451 
-0.00255359627193634 0.106737568551141 
0.0115066768374345 0.0558073935414027 
-0.0841471443262555 0.0839126566993709 
-0.00402242917249092 -0.0841512884641022 
0.0122839880203647 -0.0514422676874423 
0.000336653057493787 0.0543038423433064 
0.0308783519350016 0.0326128928663844 
0.0525701109921684 0.0239711873068015 
0.000917881595260906 0.0616052427278405 
-0.00074319673294246 -0.175086780480772 
-0.0220301215613151 0.0759378694990431 
0.00815019502563268 0.309299250599204 
0.004100398252739 0.0730372966275831 
0.00201242983869267 0.0403718692743981 
-0.0499415455041829 0.000677663156851886 
0.0334734348652864 -0.094381237722244 
-0.0566115348940374 -0.0047156453692996 
-0.0044088967584662 -0.209572014720124 
-0.000644188778166682 0.044054474413304 
0.00167720686852145 -0.0549256372268445 
0.00405148131624565 0.0561418245078991 
0.00184252366992564 0.142252571900372 
-0.00475332519336101 -0.054355583918548 
-0.00368000690530996 0.0431983071848174 
0.0107996463828254 -0.0595251560587714 
-0.00805207556034284 0.330039109101358 
0.0542841933540547 -0.0457555530925802 
-0.0255318978098912 0.0339968860043396 
0.000572700925758649 -0.0355941212052156 
0.0154024961799515 0.130538838436053 
-0.00209853819844823 0.235259909258634 
0.0511702359830809 -0.0170076255924063 
0.00785145996273351 -0.136691079757925 
-0.00594801599194942 -0.0515416739071526 
0.00218025381429962 -0.0719598421923146 
0.000200805665303036 0.053176233687809 
0.000370332646162141 -0.327229074181736 
-0.00130288379606438 0.0712377980046794 
-0.0709967960200142 0.86363283494004 
-0.0260295051698769 0.478388748668002 
0.0779366706748592 -0.0149881008841505 
-0.0573373679640407 0.0231281884713916 
-0.0066196144160895 -0.166974271144463 
0.0107819636128622 -0.0442653764672697 
-0.0202953364068249 0.0655423410210548 
0.00659384487974909 -0.169140470332197 
0.508581320260136 0.0754746845293763 
-0.00489350543160469 -0.181311186517346 
-0.00975285832052817 0.259844988985955 
0.0531684600352321 0.06066872827553 
0.0132372887760129 -0.293848911127933 
-0.0515262065452094 -0.000914939967046195 
0.00441638512767205 -0.0459431346393124 
-0.00108942256658772 -0.0462853055892035 
-0.00360951163780369 -0.0973375408570634 
-0.607739034485889 -0.0654075657369465 
0.00193352228397478 -0.179175652279345 
-0.00979529265333364 0.130380224618455 
-0.0472526933062781 -0.52030858707794 
-0.00621838889423243 0.184084937910236 
-0.0253605517886735 -0.144612760466792 
0.00639951433016802 -0.050685163560585 
0.00794492513411005 0.0403139347931881 
0.0207817051236336 -0.0848822231094346 
-0.00517681163342136 -0.322070470703774 
0.000305186300141067 -0.291770044696188 
0.00152726841870249 -0.0744155422251324 
-0.00248098808059968 0.231767006317105 
-0.00336465088945502 -0.360178159277449 
-0.000813559351454967 0.0960105827010052 
-0.000660052950331624 0.328858257484503 
0.0779561761781273 -0.0020772227598632 
-0.000565056914985229 -0.339594189096326 
-0.0141262580859224 -0.335402098165931 
-0.054019158593678 0.000469511562234896 
0.0012356642708021 0.181278414901333 
-0.011860343937372 0.0314393305824478 
0.00290737869120302 0.0523290213505434 
-0.262160106441083 -0.0138881355091597 
-0.0159194080545068 -0.043642736649286 
-0.00509971921459859 0.0304324993424329 
0.00153084520110206 -0.0927880854951207 
-0.0150644666314326 -0.157932698480748 
0.07511797378285 0.0103491925407075 
-0.00331509519941991 0.33786497019269 
0.0168577177529858 0.159187658070099 
0.00652478377503132 -0.0542745976410415 
-0.00205144855497142 -0.473540258984723 
-0.00201095459222628 0.234516245072629 
-0.0642940519169093 0.000990208958996288 
-0.00783187591202052 -0.168351758691014 
-0.0108308566074714 0.365714396455695 
0.000659156006259653 -0.0501579651189025 
-0.0357946380384328 -0.45590391081492 
0.0745054933257281 -0.000778594843406258 
-0.00444293652587473 0.19097323416809 
0.0792030609595566 -0.00262882113225005 
-0.0077309936895824 0.128959889506241 
-0.0020203665407723 0.0433858474435842 
0.00880342419821934 0.498726381108257 
-0.000167980133894132 -0.0969171315821855 
0.0307439733152132 -0.0353689280370177 
0.00205800511479497 -0.213408444562575 
0.0101741336924702 -0.122543469247899 
0.00253987316036256 -0.0584928530145721 
-0.00014260597272337 0.0696621096886514 
-0.000439625140543327 0.15150403213985 
-0.00185557059783006 0.158540515814411 
0.0132484842044198 -0.10401286789 
-0.0117649108434549 0.221579307254306 
-0.00182019130328148 -0.0715408915689729 
-0.00754404714710066 -0.0378093189063269 
-0.0170558119688176 -0.230393025543002 
0.00873686781572796 0.225428901655341 
0.0698639677457979 -0.000981938758329381 
-0.00483780144207277 0.0591157752893366 
-0.0606778222418182 -0.0107560719005313 
0.00534654500608909 0.0460802545509786 
0.00576871035044679 -0.166040065988245 
-0.004257618269321 0.0775485918268158 
-0.045673183425806 -0.0297475833432531 
-0.00211770621276625 -0.0476995423826642 
0.00633991946303535 0.0164823650411593 
0.0697996965950323 0.00625346079403409 
-0.0559912603103467 0.00855939371512162 
0.0121925917949164 -0.490086789938336 
0.0113820702018313 0.0490496532526181 
-0.325063822827393 -0.0689129529499045 
