-2.27668602e-03 -5.73569089e-02 
-8.19967652e-04 1.10075653e-01 
6.37632934e-03 5.57156987e-02 
-8.11473802e-02 8.32832903e-02 
1.02943124e-03 -8.50617439e-02 
1.90888217e-03 -5.33449054e-02 
-1.82990415e-03 4.63187359e-02 
2.47795209e-02 3.11939213e-02 
5.02934679e-02 3.72799709e-02 
-1.62260304e-03 6.47386685e-02 
-2.11744290e-03 -1.75276205e-01 
-1.29054291e-02 5.95527105e-02 
-8.40489593e-05 3.02789390e-01 
3.91594460e-03 6.44636378e-02 
3.31617310e-03 5.06140478e-02 
-5.91386408e-02 7.00013712e-03 
3.90183963e-02 -1.04960062e-01 
-6.03859201e-02 -5.90264332e-03 
-4.77503752e-03 -2.15312466e-01 
1.36650435e-03 4.97099645e-02 
-9.63295170e-05 -6.11662567e-02 
1.33334557e-02 5.99053502e-02 
-1.84564956e-03 1.45327300e-01 
1.79433450e-03 -5.40097207e-02 
-1.16662290e-02 4.39354591e-02 
2.32714694e-03 -5.76364398e-02 
-1.05830487e-02 3.37544173e-01 
5.76300807e-02 -4.92658503e-02 
-2.50754654e-02 4.33277339e-02 
-9.89670516e-04 -4.23365384e-02 
1.10346070e-02 1.30656779e-01 
-7.46883219e-03 2.37478673e-01 
4.80384938e-02 -2.06436813e-02 
-3.28347669e-03 -1.43140912e-01 
-8.10569245e-03 -5.01597859e-02 
-2.32020952e-03 -7.07888082e-02 
-2.73129670e-03 4.53431010e-02 
2.91841477e-03 -3.26060712e-01 
-1.72903028e-03 7.27956071e-02 
-6.39059469e-02 8.64732802e-01 
-2.39658244e-02 4.69533414e-01 
8.10336694e-02 -3.26261530e-03 
-4.87043038e-02 1.84521545e-02 
-1.17769185e-02 -1.74302354e-01 
3.36083141e-03 -3.72056663e-02 
-1.83689333e-02 6.81803450e-02 
1.25949644e-03 -1.69922054e-01 
5.12847781e-01 7.65346289e-02 
2.41045910e-03 -1.74008101e-01 
-9.83206369e-03 2.56876349e-01 
5.45109436e-02 5.34261167e-02 
1.21304626e-02 -2.85151094e-01 
-5.70786558e-02 9.70439927e-04 
3.12360004e-03 -5.01703694e-02 
4.56598442e-04 -4.89533544e-02 
-7.04869162e-03 -9.27981958e-02 
-6.07112408e-01 -5.79313748e-02 
1.02485949e-03 -1.71518534e-01 
-1.06783491e-02 1.14745311e-01 
-4.85597104e-02 -5.27762651e-01 
-2.74338014e-03 1.85259759e-01 
-8.35228339e-03 -1.33927181e-01 
1.98427471e-03 -4.68582921e-02 
-9.52856935e-05 4.55443449e-02 
2.08551604e-02 -7.91841224e-02 
-6.52523013e-04 -3.22348416e-01 
-3.23251449e-03 -3.00744802e-01 
-6.73935609e-03 -8.42653066e-02 
4.76959301e-03 2.35493004e-01 
5.69045451e-03 -3.54877025e-01 
-6.24171866e-04 9.17481855e-02 
-7.48658925e-03 3.22063655e-01 
7.88288116e-02 -4.75597382e-03 
-4.79031401e-03 -3.29290688e-01 
-7.58422026e-03 -3.35254937e-01 
-5.61176017e-02 -1.55852446e-02 
-2.61582015e-03 1.78164661e-01 
-4.33938199e-04 3.95940021e-02 
-4.37542237e-03 5.98145127e-02 
-2.55069345e-01 -1.51994014e-02 
-7.90379662e-03 -3.69111486e-02 
-9.05776047e-04 3.86945829e-02 
-1.68361538e-03 -1.08401105e-01 
-5.76922484e-03 -1.52145252e-01 
7.27289766e-02 -2.87463563e-03 
5.57361776e-03 3.33898276e-01 
6.51588989e-03 1.50474787e-01 
-2.63369497e-04 -5.41717783e-02 
-2.94410251e-03 -4.75232303e-01 
2.80846842e-03 2.40185723e-01 
-6.04331829e-02 5.55534440e-04 
-1.07029369e-02 -1.74334988e-01 
-3.04362224e-03 3.59095871e-01 
-1.83659082e-03 -4.97852713e-02 
-3.49426195e-02 -4.57548827e-01 
8.11066255e-02 -1.63824216e-03 
-6.51959330e-03 1.84835240e-01 
7.80326575e-02 -3.62907443e-03 
3.82900733e-04 1.31833777e-01 
1.35369529e-03 3.75071019e-02 
5.82624413e-03 4.97659177e-01 
1.37116585e-03 -8.68354216e-02 
3.45210880e-02 -2.88250316e-02 
-7.57183600e-03 -2.20703110e-01 
-5.21477021e-04 -1.24111354e-01 
-7.48097058e-03 -5.68846799e-02 
6.09257550e-04 6.73822761e-02 
-1.89372426e-04 1.56503722e-01 
-8.17477296e-04 1.58114046e-01 
4.70036268e-03 -1.00537635e-01 
3.45255155e-03 2.32672557e-01 
-1.10940565e-03 -7.57803768e-02 
-2.15935893e-03 -4.14350703e-02 
-8.72059911e-03 -2.32354969e-01 
2.95390910e-03 2.28415295e-01 
7.67256021e-02 1.74112021e-04 
2.91955937e-03 4.75565456e-02 
-5.87023422e-02 -3.09694139e-03 
2.96140090e-03 3.91607061e-02 
4.48009960e-04 -1.54423013e-01 
-3.71493865e-03 6.93791360e-02 
-3.18121798e-02 -4.02248353e-02 
1.65762741e-03 -4.30843458e-02 
1.52239529e-03 1.74535066e-02 
7.87947252e-02 5.50950353e-04 
-5.71292639e-02 2.56149122e-03 
2.89494335e-03 -4.83038276e-01 
1.95879862e-03 4.97181453e-02 
-0.32322568 -0.07012249 
