-0.00577918669888237 -0.0645124950238183 
-0.00234257686255592 0.106829876074588 
0.0126067009984486 0.0572141724418037 
-0.0834292611466152 0.0856383722318841 
-0.003991658024721 -0.0821963853924979 
0.0109643714875285 -0.0517973293957363 
0.000783903423195369 0.051923200690277 
0.0286242308349903 0.03145161610289 
0.0493289106311086 0.026139694126286 
0.00112192487614222 0.0633764503223294 
-0.00075068150614802 -0.174304964769406 
-0.0206622565616913 0.0737013609764969 
0.00837155432232591 0.308761078509976 
0.00325198637926907 0.0735339755940113 
-0.00131522885545752 0.0398905870320297 
-0.0540617094170485 0.00277997626946011 
0.0338180825383981 -0.0982466515788385 
-0.0555469294556083 -0.00483644987903539 
-0.00621669157869528 -0.211786452690864 
0.000139734947681847 0.0437369765296359 
7.5143086595464E-06 -0.0575678388608063 
0.0053903966275221 0.056917619606675 
0.00128267318899804 0.139680466050948 
-0.00155369567168818 -0.0562292518988259 
-0.0053279993975083 0.0455958938393838 
0.00790461408268771 -0.0570415284189947 
-0.00698293782866616 0.33052252005501 
0.0554066463037663 -0.0452911664504293 
-0.0255044339857509 0.0331686760863114 
0.000968096302979217 -0.0375255738524925 
0.0165053409058284 0.12843216628389 
-0.00177000458745183 0.235807174936584 
0.0481587690668388 -0.018780449001649 
0.00923510082124611 -0.140101856504419 
-0.0062033415108262 -0.0523294544063123 
0.000665300912672414 -0.072064305918171 
0.00194201909714346 0.0489579865065495 
-0.000762238505318914 -0.325442123355926 
-0.00282481959850446 0.0723953808225834 
-0.0683045368829319 0.86331213326233 
-0.0233972188113164 0.480432187561466 
0.0777665527750726 -0.0165083548512679 
-0.057465007542354 0.0233046983044282 
-0.00445935709646779 -0.169694152842387 
0.00801504421895969 -0.0440067837303478 
-0.0204813090325417 0.0664668008832729 
0.00382594788459407 -0.168315556292541 
0.507638505239368 0.0763841204256561 
-0.00538530477809072 -0.181628114684243 
-0.0107488421100476 0.260016785104354 
0.0529071350457895 0.058730768686742 
0.0153847751577013 -0.293783891059848 
-0.0539641180780872 -0.00181649183020113 
0.00350137841338215 -0.0455931999567348 
0.000340375802995212 -0.0408615172459827 
-0.0068727751656981 -0.0989398614765717 
-0.605499825990769 -0.0678691238234952 
0.00432278909415664 -0.17585960634883 
-0.00732283657003415 0.129820758887655 
-0.0474545143253311 -0.521080878920638 
-0.00605410100187853 0.184758657152227 
-0.0236180727484234 -0.143511089199822 
0.00475542375333638 -0.0508435717650457 
0.00761477468333693 0.0405556902351447 
0.0205973868175269 -0.0820569850108537 
-0.00662901914773805 -0.32194849189363 
0.000225010873926223 -0.293815441198262 
0.00280041487190743 -0.0738261368087237 
-0.00119768401260911 0.231514441189813 
0.000272095817326579 -0.359320943321917 
0.00129377508454903 0.0977322140419624 
-0.00394725613085314 0.326527349453219 
0.0802307856993476 -0.000853736988366959 
-0.0031989329975046 -0.336439567116639 
-0.0153595976539047 -0.336486936359341 
-0.0538693766320651 -0.00243798288329237 
-0.00106253181140249 0.181663167948872 
-0.00775470790913093 0.0304549705442772 
0.00188525285731794 0.0560843662731813 
-0.264799213607907 -0.0143032720291769 
-0.0150978030664172 -0.0407737627657859 
-0.00596207633573363 0.0299375527719003 
0.00552603652308198 -0.0926439398572985 
-0.0149153981603464 -0.155564326393521 
0.07363869132086 0.0105496492501032 
-0.00390288002182506 0.337722946092326 
0.0151097976183511 0.157804878946045 
0.00888818930563437 -0.0508650662764601 
-0.00103553968461707 -0.473323980821337 
-0.0027523812941126 0.2336544869658 
-0.063638005821402 0.000689187485714564 
-0.00891685441921049 -0.167500869718436 
-0.00816132408071078 0.365537090341073 
0.000626368411931139 -0.0504554129494719 
-0.0344870684680678 -0.456161016530665 
0.0764795194932433 0.000938072875504943 
-0.00502327511191658 0.189829954643724 
0.0799059847563399 -0.00347137672456166 
-0.00679791634382554 0.129148214865248 
-0.000524368829462588 0.0458021684678408 
0.00800853930176973 0.496581037245448 
0.00172889116642255 -0.0973428799749286 
0.0305188611635594 -0.0344777618093812 
0.00343065686261203 -0.213850018580686 
0.00706289147368723 -0.121289714547073 
0.000533875515629405 -0.0581260073437659 
0.000890414413294655 0.0710322985656548 
-0.00316535740614603 0.150593093783451 
0.000134501691996286 0.155313132667993 
0.0112368210457676 -0.102333224357834 
-0.0110746795731443 0.222357968364248 
-0.000334497504749485 -0.073825610487837 
-0.00634726236920187 -0.0402602170534246 
-0.0140670865029082 -0.2306602358302 
0.00838046139204833 0.22809679561904 
0.0729146570210382 -0.00376326702941485 
0.00015158087699723 0.056102625168919 
-0.0617973864108072 -0.0065405764888965 
0.00533812728887899 0.0468671160656068 
0.00593129942678068 -0.163757564291336 
-0.00538541208739779 0.0774697514931439 
-0.0437465697172621 -0.0325926851716594 
-0.00191787175671131 -0.0497189108793814 
0.00743443286386556 0.0166466749027674 
0.0706931176916877 0.00622422415638791 
-0.0545900439330718 0.0080846771443272 
0.011258107695488 -0.487555272361137 
0.0135273826659109 0.0492438663661297 
-0.326277481992183 -0.0710589711587771 
