-0.000265956424810912 -0.000610522006348046 
0.000297903150221928 -0.000202405049580564 
-1.61680358504164E-06 0.0175853094445432 
-0.000187136557019474 -0.000165304167334137 
0.000205854727792679 0.0131689336955166 
-0.000627821723240549 0.00253717082849084 
-7.94207837183929E-05 -0.0035830403433513 
-0.000125640114737511 3.39459135395441E-05 
-0.000209291537712712 -0.000511785930505494 
-0.000393999606939439 -0.0276166225208547 
-1.56691399524394E-05 0.0175184975683808 
-0.000392830869859321 -0.000436154366341628 
0.000162503592878176 -0.000772699865317559 
0.0462678623988793 0.000573623975829255 
-4.59609507584631E-05 0.0204609522750406 
0.000144343086387624 -0.000290104813306423 
-0.000435658831336798 0.000129977189305538 
0.000461479713181246 -4.63764039110095E-05 
-0.000247344344652353 0.000220437877162253 
6.04914050946059E-05 -6.15874069567363E-05 
7.64597219288566E-05 -0.0191199791441798 
-0.000142220334884412 -0.000100527754704044 
4.56985082610358E-05 -0.018077519782531 
-0.000255617515054491 0.000279687004830528 
-3.97666452272047E-05 -0.0173902117463425 
-0.000585996922578785 -0.0126884785935015 
0.000494936396582638 -0.000707880008644959 
0.0463888508120702 0.000183026988088238 
0.000257803717191275 -0.000576919236256444 
0.000125601189821259 -0.000615863413087483 
-0.000249573953856093 0.0228238087655313 
-0.000424580389405674 0.000320974377732108 
-0.000395272120951039 -0.0157153948752141 
0.000176967310007637 0.0165989176074961 
0.0460612821107474 0.000572334616723498 
8.96403646718966E-05 -0.000199549127154965 
-0.0003014424857001 -0.000322459260712703 
-4.53714121035788E-05 0.000402516671507376 
0.000185807403285262 0.0119041278041247 
0.000196384177967336 -0.0182501219148708 
-0.000364901768543068 0.0304376484486688 
0.00010779926513646 -0.0261292469451259 
-6.48590864006446E-05 -0.00103242791703086 
-0.000386922783169061 -0.00075940991741184 
0.000161372214955347 -0.00102817721862699 
-0.000223329687662285 -0.0146813354898159 
-0.000284708489379007 4.20642179420887E-05 
0.000149652351219357 0.0224515231350176 
0.000571344871745859 0.000170684583263481 
8.38510459669952E-05 -0.000305008179544839 
-0.000198103154158628 0.00067766446416944 
0.000128110813063074 0.0194103763025693 
-0.000308100447304417 0.0215020593612962 
5.27400151185855E-05 9.04544385653409E-05 
0.0470692251704786 0.00143843354284282 
6.53537221229753E-05 0.00738326561138655 
-0.00047766669195378 -0.0213721948785879 
0.000698126359175585 -0.000129025339004878 
-0.000107720210125189 0.00124831329210027 
-0.000173337033387248 -0.00305063422564018 
-0.000127863834355064 -0.000137137323300523 
0.000153241400720722 -0.000195992967345554 
0.0449552246976658 -0.00560123251923219 
-0.000234206004495959 -0.0123265682828222 
-0.00026326471880206 0.0158138359782988 
-0.000156969453018483 0.0181599270870018 
-7.99701611222721E-05 -0.000254902455757826 
-0.000146477561832204 -0.0290231101909925 
0.000147354274925711 0.000264093089687163 
0.000120404575188474 -0.000578224580116825 
8.68325640705526E-05 0.000614684906545598 
5.08822263295402E-05 0.000939464924392531 
-0.000132848719159967 -0.000397840369028837 
0.0142276848874179 0.0171614097909289 
3.56713795865037E-05 0.0228317299731042 
0.000182795407622775 -0.0220257996779744 
-7.64595889692716E-05 0.0209613595053272 
-0.000196434956059774 -0.000979763553438105 
-0.000289974054371282 0.000479597321088628 
-8.6878751216486E-05 0.00599962660721778 
-0.000137934325927861 -0.0121112688194792 
0.0001142717570874 -0.0193894295425402 
0.000351733263881299 5.95982061011937E-05 
-5.03099537711756E-05 -0.024317201120476 
-7.55483081757044E-05 -0.000654119357551907 
6.64749689494105E-05 0.0264926097783077 
9.83360811317941E-05 0.000374304739909578 
-0.00028687191663073 0.0188283707314093 
-0.000150269840610064 -5.63721892918098E-05 
0.000436111735104414 -0.0263914006242854 
2.81817128699334E-05 -0.00012348934470486 
8.53220035713079E-05 -0.0182712697006263 
-0.00011676982460394 -0.000580400692364074 
-0.000223828370308947 0.000660739792830555 
0.0469345046790219 0.000564674152925901 
0.000302934464098773 0.0204203881911171 
-2.4919332776351E-05 -0.0140475625356093 
-0.000218650806468965 -0.000335611750530221 
-0.000382652844821803 0.000298358766089755 
-2.12591750687673E-05 -8.47621711111609E-05 
-0.000591102918837661 -0.000819475461386174 
9.07539082846061E-05 -0.00434662709428159 
-0.000389578559525175 0.000524493780435127 
-0.000466699680186203 -0.000635585352598849 
0.0150403337532379 -0.0141875464671891 
-0.000459744401148042 0.000516005705200528 
-2.07870008957861E-05 0.00145963428974889 
-0.000379383753072155 -0.000211380531943 
-0.000173358996770534 -0.0160911464390063 
0.000233510516183725 -0.000544611907174627 
0.000156461850530141 0.000180646529078269 
0.000135559627122097 0.000258371824718395 
0.0456550275750693 -0.000494489060487673 
0.046497946919364 -0.000123807085178902 
-0.000335602150901458 0.0237102810956195 
1.03028361114049E-06 0.0304397438753202 
0.000345542545196958 0.0312726320684956 
0.000476834057072281 0.0125401615007361 
3.74747737305335E-05 0.000367327271572898 
0.00055966409761888 0.0171062226278409 
-0.00038195640145787 0.000751936958569902 
0.000779625017312652 0.000462755795391061 
6.94169648539426E-05 7.24359011782453E-05 
-0.000577535837867131 -0.0192515460702452 
0.000265134768342852 -0.018212061570246 
-0.000149728654679687 0.0306041874394645 
-0.00036896806951397 -0.00086951260961414 
2.09399574786985E-05 0.0175796335807641 
-0.303730191727328 0.0536141587848462 
