-0.00116155011227993 -0.000152807596604792 
-0.000419170002287387 -0.000482279225063474 
7.36102702369572E-05 0.0194158487433836 
0.000415030494998451 0.000290342568733343 
-0.00105543419917747 0.0139916096971954 
-0.000608448758475009 0.0028737011793857 
7.1532540186848E-05 -0.00457940989085931 
0.00052794188631784 0.00144904982599235 
-0.000733912000008569 -0.000152671376099202 
-0.00153143989454771 -0.0283760767131101 
0.000114991436044675 0.0182061043362769 
-0.00148678643620176 0.00047024339112703 
0.00114573981488447 -0.000501559161987288 
0.0466934994898357 0.000862395962572519 
-0.000151390400012658 0.0195098277765207 
-8.56426790681361E-05 -0.00176344810704014 
0.000858456498650262 -0.000264629490974935 
-0.000171702158814603 -0.000331180943924499 
0.000251731193343591 0.00050599117113616 
5.84882911393711E-05 -0.000815924685501446 
-0.00112061553678248 -0.020048341015004 
4.54714363413089E-05 -0.000226202157288268 
0.000375754941774543 -0.017837523661185 
0.000102340259230142 0.00116174475303401 
-0.000414958885579583 -0.0168741193694204 
0.00121405284204652 -0.0129255264049104 
-0.000263754397390118 0.00050351470425565 
0.0470128647821251 0.000372176014681041 
6.4938358174822E-05 -0.00082846292511936 
0.00129012433709292 -0.000384682977506049 
-0.000504883818335029 0.0234316853516427 
0.000116479886205483 -0.000579813941973959 
0.00170403053318726 -0.0165430670216937 
0.000256191144735977 0.0158367014629101 
0.0460243645624538 0.000471577506072706 
0.00113567488704232 0.00141838066837757 
-0.000482966499691589 0.000694310446200463 
-0.000902738936470883 0.000216252244615497 
-0.000874417644895579 0.012858338786029 
0.0003910411340652 -0.0174902587865844 
6.39156954151392E-05 0.0294382761111783 
0.00124073102865424 -0.0259868944028469 
-0.000583408588211358 -0.00176702165831835 
-0.00128216133410016 0.000468340890466288 
0.000403555141273841 -0.00038829680361111 
0.000510107455345065 -0.0152772527315221 
0.000140001506359712 0.000427326591438001 
-8.77469003842956E-05 0.0219715549454185 
-0.00110947684053381 -0.000128606445886397 
-0.00042703004540695 -0.000228370418020733 
0.000186929866175277 0.000271210570756339 
0.00139999351944594 0.017735620079312 
0.000490391885254911 0.0225035061294808 
0.000794492502395485 6.68892894410184E-05 
0.0461464745413606 0.00100939830909611 
0.0010541198749218 0.00582152838049973 
-0.000534318453413889 -0.0228689795055476 
-0.000316666118003967 -0.000736886049904895 
0.00106942044170879 0.000628563416173271 
7.99688849782476E-06 -0.0035261345079153 
0.000491385595274883 -0.000390946223213522 
-0.000248779717012208 -0.000685258884972568 
0.0462448593082651 -0.00477454730201568 
0.000612699127862349 -0.0102981601944958 
-0.000708046302591972 0.0165465770414132 
-0.000889268538636173 0.0185752005342099 
0.000352581967782861 0.0002361755921034 
-0.000439637034803925 -0.0301223761555088 
-8.41174059590117E-06 0.00100922968819555 
0.000385710867082356 -0.000874108279445997 
0.000764653682774074 5.95848047062267E-05 
0.000504277432943972 0.000947123007805506 
-9.35244610647815E-05 -0.000148323406906773 
0.0147612051260794 0.016917365512116 
0.000496686680513655 0.0233903595253984 
0.00102668044621066 -0.0212614996564741 
-0.000428860221461942 0.0211866739744756 
-6.03578288063406E-05 -0.000330661398537163 
0.000395891639577274 -0.000200754920951047 
-0.000296244028640984 0.00519729615069497 
-1.25029881893293E-06 -0.011992951055442 
-0.0006209622875975 -0.0184658694642183 
0.000807821169422504 0.000369585856621632 
-0.000505538564749974 -0.02445771778927 
-0.00100667357839306 -0.000278268165207871 
0.000290538920486663 0.0251988749937641 
0.000818287084098519 -9.49948627473812E-05 
0.00128898281091236 0.0187133223633738 
0.000505719232345545 0.000859181905675316 
0.000519710796269705 -0.0255052442675972 
0.000279583318211715 8.46401047111452E-05 
0.000729346790711676 -0.019746543746501 
-7.32143085481631E-05 0.000252216756512923 
-0.00034974700047554 0.000869414002587553 
0.0470143755006581 0.000110397039826121 
-0.000269529337402059 0.0206595163845333 
0.000539170818573049 -0.0144071206658665 
0.000615070728016227 0.000405404878148809 
-0.000530919876563714 -0.000420165066749749 
-0.000102936300815604 -0.000875010407886054 
-0.000977011916345041 -0.00158561043505792 
0.00011391644186506 -0.00384882815392304 
5.95608790099952E-05 -0.00103258654938663 
-0.000484368032921446 -0.000542538064950629 
0.0147731981906229 -0.0143549178247787 
0.000796426340846854 9.38922405817513E-05 
0.000492909293577469 0.0019167251245915 
0.000461607374974623 -0.00145048950221907 
-0.000947235038282692 -0.0164707334412905 
0.000184012180324872 -0.000848120050427527 
3.74410686266283E-05 -8.31987898267234E-05 
6.12620436170993E-05 0.00103689197180352 
0.0454431860310204 3.8597199169127E-05 
0.0469033130982156 0.000351074600274511 
-0.0001748542922508 0.0247403535701218 
0.000352208212792304 0.0316346421266709 
0.000134505274758786 0.0322811129705199 
1.60746188286662E-05 0.0120384577874738 
-0.00020436895700909 -0.000484123236594683 
-0.000144071979058178 0.0164907591742756 
-7.72922691741666E-05 0.000643612106579471 
0.000721846888464674 0.000287290074056906 
0.000766521712940027 0.000820644103084972 
-0.00113663602704852 -0.0186199908011004 
-0.000201050214802809 -0.0188411245250932 
2.84041453774986E-05 0.0293361744973465 
0.000179079316656357 -4.51752467174807E-05 
0.000310290069532236 0.0171898863792138 
-0.302922623421949 0.0527225771832592 
