-0.000616513681193229 0.000992697937230153 
0.000467118965878915 -0.000303588207473155 
0.000417487542290732 0.0188502156005321 
-0.000365779266903803 -0.00045537956545424 
-0.000109439807241178 0.014650478874398 
-0.00126978699162037 -9.99523068611729E-05 
-0.00171567313949261 -0.00442418158161638 
-0.000522311947337007 0.000759421915105516 
-0.00110470407779822 -0.000135777095343459 
-0.000461066521684264 -0.0286271071898968 
-0.000117666161699647 0.0178755026954536 
-0.0017641808070485 -0.000597009713150259 
0.00114226477632 -0.000292345654002189 
0.0457438927139957 0.000494606569946518 
0.000392521546874186 0.0204118464502346 
-0.00018495720042453 -0.00135782488703474 
-0.00142828382194526 0.00151074816631529 
-5.10728065635815E-05 -0.00102806262964955 
0.000665605871578851 0.000567042357363744 
-0.00132358468573136 0.00124484910204903 
-0.000753857126773558 -0.0194120105690386 
0.000713322501900731 -0.000716174367914587 
0.000987400298480102 -0.0174981716042691 
0.00011291396725766 -0.000298266816030863 
0.000775669688393482 -0.0155054936847056 
-0.00124939950056373 -0.012355404724941 
-0.00119196929062466 0.0010492999792983 
0.0453480611877837 -0.000615783106903543 
-0.0010114532771028 0.000523502919298818 
-0.00130488474921971 -0.000934038027645435 
-0.000244085436633272 0.0218199145864682 
8.42865333999303E-05 -0.000397681857434298 
-0.000378138943720772 -0.016265426888424 
0.00020577920403279 0.0146818739497736 
0.0460104800321023 0.000331291848631244 
0.000382340743096309 0.00114094896520115 
-0.000583669120943398 0.000589942134095059 
-0.00157059735609285 0.000555743113387641 
-0.000339556357308759 0.0122034776622292 
-1.18265897316616E-05 -0.018832378491774 
0.00155536570957851 0.0308907057175 
0.00128190230771615 -0.0260103272582486 
-0.000683044056871341 -0.00214311138394024 
-0.000507281399254971 0.000956878286119551 
0.00161899667175019 -6.4169612708737E-05 
0.000740304348039796 -0.0155627031995751 
0.000985767980745093 0.000329355992555716 
-0.00149202292414424 0.0212238684468199 
0.000753576036724593 0.00020485883729814 
-0.000738343926556926 -0.00146740928765261 
-0.000477639982565034 0.00138717633705756 
-0.000564072062006632 0.0184219309736109 
-0.000802579496945339 0.0220073682035982 
0.000165459688251108 0.000304629537526985 
0.046828481520328 0.00127245002117746 
-0.00182353800536443 0.00680763252942311 
-0.000697993513200975 -0.0229586138228088 
0.000145277379139169 -0.000408952872696431 
-0.00150134901320957 0.00148764901538541 
0.000494582189273932 -0.00470178329303723 
-0.000200650800807716 -0.00131311845072365 
0.000623802868286474 0.0021340827411807 
0.0442687779245428 -0.00679585490611007 
0.0008932774108257 -0.0129592787314478 
-0.0020726538296074 0.0161263571975687 
0.000521701642906348 0.018916606101938 
-0.000313478512576988 -0.000458362590410507 
0.00085170847064776 -0.0290951866043174 
-0.00026967561994202 0.00114933142245651 
0.000633482978853291 0.000780951189193537 
0.00103962638415354 0.0020022468100564 
-0.000344391008451782 0.000142823390209615 
-0.00145000353025576 -2.6460644452962E-05 
0.0139243180174643 0.0178261870121843 
-0.000628593258853096 0.0229165871187891 
3.98727896559725E-05 -0.0222485167113423 
-0.000208531306714148 0.0218464224752618 
7.31377773465623E-05 -0.00185078774177827 
-0.000285062430490556 0.00163843288199413 
-0.000518185656170167 0.00689348125599143 
-0.00116520710585782 -0.0128029662305745 
-0.000258455414122313 -0.0188338055448142 
0.000975046101789661 -0.00205196470675753 
-0.000214530302838254 -0.0239251818256288 
-0.000729042740375149 0.00078241610640788 
-0.0005112760299993 0.0266020706036852 
0.000202782275813576 0.000907465633135505 
0.000180476826560527 0.0186485450591524 
-0.00107593357312698 -0.000242205262604595 
8.81353102250051E-05 -0.0261367823728659 
-0.000180108092517622 -0.00113912649514005 
-7.43607667396061E-05 -0.0209097018697596 
0.000460136394074417 -0.000824264532400076 
-0.000225527467192751 0.000152904089999608 
0.0470651386860244 -7.501407230666E-06 
0.000107370538429845 0.0194733711539022 
-0.00103995736219987 -0.0146961148478647 
0.001276663066421 -0.000908428550023226 
-0.000464840552184398 0.000581191494813687 
0.0011538281764896 -0.000316889251431345 
-0.00130673288396341 -0.00224891924474528 
-0.000706154035967104 -0.00447059916600968 
-9.05892657732633E-05 0.0012710514862091 
9.02366825603421E-07 -0.000881660732898353 
0.0154272032308629 -0.0139752755943793 
0.000870958410175253 0.000659982690857339 
0.00079568260280601 0.00162736616294065 
-0.000254374210447651 -6.80742850874209E-05 
-0.00199141485547182 -0.0155511910225244 
0.000719477302141772 -0.000518996447147152 
-0.000792331795009667 0.00126291552161084 
-0.00109676737349651 -0.000870306791825937 
0.0456783953340267 0.00198193517086813 
0.0465906897764585 -0.0017161718533032 
-0.0012687730190288 0.0232632320452141 
0.000303521263218282 0.0305622241469328 
-0.00157766629823255 0.0309532575262298 
-0.00211407027088398 0.0133028543295893 
0.000925165242608512 -0.00145990317151138 
0.000818820758383315 0.0175995852852468 
-0.000660255718070568 0.000629599224068714 
-5.53092394936246E-05 0.000316048759148595 
0.00012508482293897 -0.000219703521684193 
-0.000684913603722345 -0.0185711553432956 
-0.000119022655865729 -0.018992840819273 
-0.00188056072832486 0.0293152005919703 
0.00166930431202061 -0.00121985407820814 
0.000353561635341433 0.0165113114739874 
-0.304904617129092 0.0522686625820774 
