0.0931185525353242 -0.0678996442924226 
0.0693694696854604 0.0023931651845339 
-0.0121022108531422 -0.13156120603874 
0.154158627953213 -0.0232344985235511 
0.0293569730809469 0.0725525432657351 
0.0601590149985468 -0.00851885703029363 
0.107318863751041 -0.0308652780447244 
0.0241438644638607 -0.194839509280965 
-0.0553710468463529 0.0757355637848963 
-0.146140867764903 0.0772444462895432 
-0.0563160878307846 0.166161069536875 
-0.0378438747859748 0.101422739299398 
0.107790449998362 -0.046398393067006 
-0.112100177567529 0.00986536948605371 
0.00916399579370629 -0.0134183042289248 
0.0978539855532882 -0.0289085694245995 
-0.0301220118336645 -0.0287206433379878 
0.167958429451387 -0.0761686826681085 
-0.00940518292448583 -0.0202301373570543 
0.0281554263737491 -0.0155932209585152 
0.0124536314915747 -0.00649130839559765 
-0.0610416458589058 0.0192636861634068 
-0.0964616451001949 0.134298642376862 
-0.0201383557786566 0.0023454641123949 
0.000637328652053647 0.0574052806520163 
0.135456585717284 -0.0762834573186701 
-0.0138897214596048 0.0469956027269979 
-0.0692649648670614 -0.278766010711265 
0.013269084454912 0.139473020246153 
-0.0882660402724071 0.16364543680562 
-0.0218338287595074 -0.0539941973549191 
-0.00656921086600637 0.0773218301053598 
-0.0599359921536688 -0.0364045869657272 
-0.067955855102575 -0.128538941724655 
0.0381945272621245 -0.0120296414996473 
-0.0390485298057317 0.031635590734645 
-0.149432218569462 0.0190507751625342 
0.0389441058391668 0.139728716710166 
0.119576745581954 -0.00315042633004913 
0.142016315635787 0.0705029705024898 
0.175715754056638 0.10245636692867 
-0.0449583318917082 -0.0918975106926547 
-0.0643181225941166 -0.216666222388589 
-0.0341019754820274 0.00829639798016735 
0.164018585107445 -0.0413090291255075 
0.215574977317513 -0.0615500982009095 
0.0791041422007411 -0.00167220983010439 
-0.00593371095455621 0.0410066667249842 
-0.0338546203966755 0.0600841871853221 
-0.0437154979818324 0.16822884778293 
0.0827412896345008 0.0518597891673913 
-0.0569170115480835 -0.0416919706703416 
0.0957299402924241 -0.07759905209205 
-0.0318229408238045 0.0568969051977616 
0.00904320303594293 0.0482929146382678 
0.101195323713909 0.0340451795585133 
0.0302184544865654 -0.0295889106883798 
-0.0434313626922124 -0.0635599691624165 
-0.120568349363885 0.165852028219494 
0.0373552431900484 -0.063683853513655 
-0.0210076898731965 0.0531053455213208 
0.00612605334825245 0.00224244572106657 
0.0607141480586831 0.0763214270346121 
-0.0609778587713023 0.16145207963403 
0.0923832128145614 -0.160583858953213 
-0.0387091420096297 -0.0374763402721345 
-0.077834276026712 -0.0868772066530966 
0.0676622672286063 -0.101518124831703 
0.202322368599994 -0.0819840750717299 
0.0562938362515402 0.0748845889327133 
0.0187232986882711 0.026797352095151 
0.0976472555927766 0.0250972823712533 
0.0283612043721492 -0.171023548951521 
-0.212431630414038 0.0359040400974492 
0.082959634850917 0.10466418363087 
-0.0079807559412553 0.0400768576137081 
-0.0939765376640577 0.0320463070803891 
0.0861767283173387 -0.148927262911615 
0.0321787863436684 -0.0173258528474627 
0.0890128724387178 0.161131150865411 
-0.0402364728506498 -0.292673579536455 
0.170838613884354 0.0542008326579831 
-0.0855279303862641 -0.198406719842927 
-0.0723310720964314 0.0424685384363758 
-0.14620550929118 0.0251145073115588 
0.0477974495851131 0.0273187619596308 
-0.021687857510887 -0.000144847238069979 
0.0477263575472624 0.120781257689598 
-0.00289186393160774 -0.068409492138284 
0.0418879017519597 0.0264264510438095 
-0.0129856745275988 -0.0125570801954285 
0.0221648293542105 0.0170827363043497 
0.0731688155068689 0.0782245561525963 
-0.0812005848487132 0.14566474870164 
0.0748051485153291 0.123501137907755 
-0.0626613523065818 0.111998840683341 
0.132710890278384 0.0256720348318581 
0.128965210043589 -0.0478938759357523 
-0.0987228988023725 -0.0969621477725982 
0.0396714007014975 -0.033686055490179 
-0.0143476736280484 -0.0677764319438092 
0.103909568818603 0.00113668498590229 
-0.143463123209907 -0.0035227109115557 
0.0295877312445707 0.128796523555101 
-0.0580426665996799 0.0238759615954268 
0.070471552352797 -0.113584609213419 
-0.00848539917252169 -0.0561214810060967 
-0.0829986238157899 0.0489559449613441 
-0.154724403909336 -0.0728601427986574 
-0.101326801228371 0.0540408815863739 
-0.163118121395828 -0.0485335513839793 
-0.137197294184641 0.180405634744239 
-0.141794499189458 0.061832191083484 
-0.0715629109054558 0.0102097657639015 
-0.121400293344328 -0.130297430858566 
0.127770546151306 0.0689777195522104 
-0.117845090624833 0.0229669696096319 
0.0706689892294998 -0.146152541939525 
-0.00602788793794142 -0.0966685943272219 
-0.0653068527979366 0.0221685880618934 
-0.0376452103283173 0.0526493091481998 
-0.0326635253639706 0.0867496179527293 
-0.0649813187056838 -0.0758151067832356 
0.0154217222221638 0.114052969435119 
-0.185235044508252 -0.0647634024166112 
0.0228244832293325 0.0568440862020956 
0.043222961595561 -0.0415136710907289 
-0.0474545864043443 -0.0120002882633529 
0.0222481737674874 0.00931139209844602 
