-10.1769068156282	-2.8663922398693	1.22070384865399	-1.83554811751056	4.55684420239573	-5.25367290120371	-2.33861783977237	-14.3277570044386	3.75874642248103	1.97568124748315	3.39062654749275	7.79468589180013	2.13299987807765	-15.5726587002112	4.04554938261513	10.822268466515	-11.7468382842982	-18.2814656337823	-3.20117735785154	-11.4058236371835	0.22872497378115	1.2053854433055	0.558672903017985	1.89000001774116	-4.30327592047582	-1.96592192488568	2.72875058961144	-5.19216465819692	9.56004415973375	17.8328525896056	
1.82448955410212	1.29405236162519	4.59031238628527	8.93111167600798	-1.30039772689276	1.3467418469769	-1.66567895380794	-6.61106686298652	1.42615626363948	2.94359998502514	0.225283398638527	-0.69801983002365	-3.84099499303341	1.07629343284274	-3.19236175498715	6.95349726874558	-7.22704043738231	-0.0339618678942113	-10.9369708867339	5.11375581046642	-3.7570983377902	1.44531621847596	1.554478270236	3.81184972026857	-0.000756427785046305	-0.446685606343676	6.24397344355347	-1.17967915995378	-10.1750233219804	-5.68860559364149	
-13.9693988700521	0.226493132443826	4.27827519893425	-0.743412065751114	-0.716168181084389	-2.16739063072853	0.341424186952591	-4.74346169906707	0.426283955793474	0.200548696216416	2.49018949434398	2.42408777905318	0.250220005965941	0.921342368894457	1.45233944105578	0.886001134407397	-0.96873888487274	-1.05144746961809	-0.423367362434384	-1.10213419238515	-0.0413342281899196	0.11559146675047	0.112517334725238	-0.00176883500765308	-0.00361904464447105	0.296725921869065	0.401149565662123	0.244629246803333	-0.123645009815477	0.207969925291734	
76.7331863425886	-0.884740165703838	-0.170243223964132	0.819376885721711	2.21264736009579	1.48406816990893	-4.37150084609081	26.8563575253248	-4.44026447425175	-6.28766243906934	-9.30069677973418	-9.2858451954902	0.0778664222572906	0.272755526931051	0.432614108784845	-0.837255682371099	0.0617903600755894	0.0301136239860856	-2.11433826104112	2.77233107941081	0.112721845570952	-0.680671648185333	-0.621002066392714	0.0936285468208222	-0.242569935963524	0.357682381048083	-70.6584919620088	0.63762813797258	-0.395031333750482	0.672527500264651	
-8.05251311763784	-0.108814011392139	-1.69629592989697	1.36433938247147	-0.191311445724458	-0.460972392023155	-0.399677855063125	-1.69359694411271	-0.243530438698952	-0.0575767996949145	1.3171655120645	1.08317257469063	-0.050768539462649	-0.549005595384763	0.227455558773776	0.503183352623744	0.0512701196075342	-0.102179562762752	-0.393077570627507	-0.196318129324253	0.0526762994961789	-0.0242905178691949	0.127917648960416	-0.24060011868085	-0.110371501170412	0.0354985883460217	-0.0190566456007242	0.100445304380406	0.254623334580742	0.337863779602405	
-14.6908166979104	4.18877036077826	-0.464964341308026	-5.7400021990374	-5.06415003988553	7.05993418768046	-6.02757474313318	-9.64727416342342	3.62064174079407	4.49750300001212	2.79759444930484	4.1054422534908	3.79554744307279	-4.69420719424562	2.8327548325638	-22.2246751565374	-3.36084246252373	-0.378972363884844	1.30800040744963	20.041445029893	0.0770678978500216	0.724957599593542	-2.3688072530287	0.0568496103212067	-2.1784013158236	1.95753605689086	2.34127462300672	4.37340945660458	5.37634225450617	2.20449445258722	
-3.27114604430558	-1.3896052907719	-2.89612531007721	45.0289496988354	-0.127259557588473	-2.30790129519929	-5.27516892694678	-2.76752881825856	0.385541874279561	3.63606555040696	3.76848256767618	3.03585884284505	4.25155356778853	-0.0168187476779367	1.08357987702706	7.01135944702627	15.0220931476093	-8.1708089631773	-2.41230085784464	4.88600315720905	0.617103785046365	4.63913101287308	-6.79771170639733	-0.128086913467412	-0.101162867202365	1.95876590543809	8.26912649904959	3.1061363087014	-1.31711548701029	-5.62755891832392	
-0.534625239321497	0.159316050265681	5.05468589117849	19.8163842574361	-1.2979242761596	-0.255484650624583	-0.354637788058755	0.524733184062429	-1.75824075788206	-0.709984594315654	1.29762034510679	1.69232615030402	0.0144473130024553	-0.877448927858382	-9.09990608891714	2.49543460948785	-0.820316267001821	-5.46316328214215	1.58500409013459	-0.085223335906673	1.37559754797686	0.488767994448273	-2.47272130969704	1.03249387923488	0.321247250241529	0.715384876881274	-0.320987742882583	-0.0502315047002899	-0.171807048163379	0.405034709115494	
-10.7060209756011	-2.91776102739156	-12.5615910612796	-11.9175875161318	1.6295367241173	1.40557051249351	-0.668062911559786	-2.55858464980276	1.82692759519021	-7.3840391346007	-0.963353024528311	-3.91620152909455	5.38400673493143	-2.57554566153097	-9.19904769500314	-9.25068227671611	0.50478784959873	12.1901755641226	-13.7406151594283	26.6282791055594	0.374641098205701	-5.56720546768889	-0.94241978318807	-2.66639819010507	-2.61463198373498	2.77171205051735	-2.37531070495656	-8.76087867376061	-3.64328062908733	3.32756217752582	
3.33095011227757	-0.0338068662997285	1.11861083856836	-0.386005146964253	0.6248503872589	0.942963961159084	0.30439616362995	-0.139578461970788	2.06304805456589	1.90869706195616	-2.08730721911884	-2.10167833998941	0.104702050901665	0.316498262064012	-0.148337817874986	-0.209100155137044	-0.327819082943293	-0.35018571236223	0.209379850564083	-0.0381158347424051	-0.0291354182241831	-0.0636019462131966	0.0898841943824879	0.165355624602766	0.0453826268930864	-0.175072333972454	0.118827114805676	-0.111982438584839	0.0682712785668663	-0.0867355060634532	
-6.10735213754673	-1.68276518206192	-13.9149558634748	-17.201215614579	1.44903723908189	0.504685573974452	0.608952563421574	23.4003521579892	-7.27439175306027	-5.73128022382625	-7.86846421047015	-6.95005219059631	0.442716902349703	-4.36333889295967	0.693520476423182	5.83592785551892	0.280619336958383	-8.00159354015025	0.172889574435434	-2.04044735757188	-0.511036225668712	1.54648120649482	-0.345960596936875	-1.38265038669034	1.71589007746986	-0.0309712136342072	2.38746713389895	-2.56647171249318	-1.06548371957274	-6.95226659936788	
-5.77027867647571	0.579021493978099	24.2413808963188	-25.5899567486741	-4.41713369998139	-0.659432128644483	5.24415301663857	-14.2363153531639	3.48714414439922	0.386323064538297	3.46531726057363	4.61062221354641	-4.98211699848668	0.0999077114954613	8.63117391023098	23.8744812048175	-0.274857754736197	2.07313295145455	-22.5979042175019	-7.0179154184414	-1.81595711009956	1.47311050860474	9.27910625682466	0.439080559857406	-5.2198580181097	2.71382652509212	22.557181301846	-5.19927973722333	-7.49038688593568	-10.7057491397682	
-10.1113564809933	-0.708350248326989	-1.96005874935345	-11.8299314672077	1.93659711754763	0.829935064967709	1.12345171247561	-8.76293220072771	3.27903387272513	0.873552190640087	3.61398345383217	2.8609428944559	0.70796456085107	-0.416306198854332	0.968279456612823	5.9055916305946	1.20789759890639	-3.85585248470683	-4.54618800907586	-8.00833887828849	1.33243179712454	-2.57982538539034	0.185120395472955	0.490014693120037	0.597508688069521	-0.870659816457696	-3.28303816791018	1.24372714045538	1.83138218457059	2.67467359772853	
-5.67873941438258	-0.368262483145737	9.94346821793529	15.4902053737725	-0.430938227106639	-0.00386213609220883	-0.682156334967694	-7.91462872144356	1.28845327448292	1.07140947019426	3.68378185420784	3.96603510089704	1.07076070851328	-0.279423946032575	5.05405373166765	4.65172231716414	2.83017943294006	0.250107989533619	-2.30201394957403	9.40221861372653	1.10580595971668	0.624297509075426	-0.15417716633278	-1.65162291656064	-0.00927176681509608	6.87816036875381	-2.29912561024255	3.57531172203453	1.84148396379351	3.9099361400208	
-5.73373386985866	-0.0801716696471311	-0.46150220652061	-16.3311470729446	-1.2133680746293	-0.289580431184403	3.20005596066572	2.65441193464489	-1.5663020911584	-2.02292450413603	0.64956240424547	1.90536220285111	-0.0863577936722169	-1.62082052904702	3.68649725899782	-13.5265115288002	1.98557130615682	-2.34873916964218	3.49063789090869	2.48412436161646	-0.74456349061194	-0.735881922144014	5.36008777000876	3.95898433874397	0.800778045596912	-5.94438970102695	-2.42214475692967	-2.78271035415045	-0.955872741517342	0.792723924820943	
-0.0578538600781263	-0.241544759843357	0.603341983073694	1.09205549003811	-0.173838844553316	0.0358911042274207	-0.202157302220826	-1.16361177633574	0.551954596964403	-1.04681200619698	-13.2021380136467	-0.192072283128942	-0.1501574128505	0.0682025100159427	0.208871328342572	
11.7823358070541	14.4856011368384	6.56835976854013	1.26918754499357	0.417966103362552	1.12087746975552	1.92234950357656	-56.1127071541355	38.7721059002895	8.25596357647558	5.22148754241718	2.332893874664	-0.120223464336029	24.2343598853182	28.6234673454157	
2.56723462239795	0.569693983714619	-3.68064913357503	-5.11084517944709	3.17459864261723	2.29947653701181	6.62655512807036	-0.120813185452319	-0.276577398027947	7.15379606436216	-6.69139310770475	5.32251199008256	0.59061502162664	0.584695772322724	-0.673867300631887	
6.90125249781915	34.7775677270885	11.8308625431177	-70.421583247186	-10.1988107305858	18.8973747383079	13.7523606546822	-12.2808750637304	18.7833411538325	9.18464295485693	2.35287859924807	-13.5336951259132	23.9195289506836	16.5314465933252	-10.0003488646471	
-1.93294606391206	-0.475494945469508	3.08469995348334	4.67549906678102	-3.0255705937756	-2.1528781708459	-6.63574518248066	0.0221577444117431	0.417916197298827	-7.06704939331186	-9.95241322189322	-5.37320186555119	-0.573201359018102	-0.509793006227322	0.651601672849585	
0.0335638447597397	-0.0799055965310556	-0.216822971440007	-0.905789351680809	-0.014555784660122	
11.4878240142555	-0.899740758530203	-11.1161566392721	0.051542084114224	-12.151568006619	
35.9260784478944	23.1595264523048	6.27519713447854	-6.27784480008988	2.93864454637094	21.6137799358694	-14.8433443642093	11.7824905244626	-20.5403591103916	-1.13993474970531	-36.579246615292	22.4282432437695	1.94574362815533	17.3291300344394	-5.20213855515982	4.67696208668391	-6.27727547118354	-13.2364686771368	-22.1549418732828	12.8321871442857	1.01969582422803	1.70632695359938	
