-1.43442405e-04 -4.88628400e-04 
-4.12445879e-05 -3.10304924e-04 
7.78858521e-05 1.75847374e-02 
9.82192869e-05 -1.95750807e-04 
-4.46753666e-06 1.31047256e-02 
-3.96505056e-04 2.32668524e-03 
-4.76500718e-05 -3.68733169e-03 
-6.35054403e-06 1.47541705e-05 
-2.82246299e-04 -3.75587872e-04 
-2.99886800e-04 -2.73771808e-02 
-1.47226005e-04 1.76939946e-02 
-4.95967688e-04 -4.15761082e-04 
-1.45938975e-04 -4.56164038e-04 
4.65218760e-02 1.02898292e-03 
-8.08279401e-06 2.03208048e-02 
-1.49932548e-05 -7.23954756e-04 
-3.35151970e-04 2.30392674e-04 
1.91733212e-04 -6.26477276e-06 
-8.57277773e-05 1.37792493e-04 
-1.94609288e-06 4.06450912e-04 
-2.29749439e-05 -1.90938804e-02 
-1.18452255e-04 -2.76865234e-04 
8.16251923e-05 -1.83268264e-02 
-2.16753368e-04 7.15394199e-05 
-2.65384388e-05 -1.71705615e-02 
-6.25937610e-05 -1.26920780e-02 
1.41939017e-04 -2.02478623e-04 
4.61835936e-02 3.16005811e-04 
6.87959764e-05 -4.50498424e-04 
2.99529318e-04 -3.66934750e-04 
-1.81977648e-05 2.29271911e-02 
-9.43669511e-05 6.48377536e-05 
-1.86105710e-04 -1.62613429e-02 
5.19366949e-05 1.59191582e-02 
4.62001227e-02 4.12321591e-04 
-1.17782511e-04 2.24179661e-04 
-9.16922945e-05 2.15346199e-06 
-3.31095907e-05 3.43399297e-04 
-6.10018797e-05 1.18632903e-02 
-5.11105645e-06 -1.81077961e-02 
-2.73191923e-04 3.03264242e-02 
-7.66845624e-05 -2.58250572e-02 
5.75521117e-05 -8.77050217e-04 
-1.41160781e-04 -3.78342607e-04 
2.81083077e-04 -7.32364308e-04 
-1.08248481e-04 -1.46727543e-02 
-1.42743767e-04 4.08349160e-06 
-9.96473536e-05 2.25753207e-02 
8.12683429e-05 5.49127522e-04 
-1.00191079e-04 -2.62324436e-04 
7.61590782e-05 6.10326184e-04 
-3.29155264e-05 1.91850793e-02 
4.93450943e-06 2.14157719e-02 
7.85813827e-05 1.11382571e-04 
4.65638265e-02 1.09083194e-03 
-4.08200067e-05 7.04913354e-03 
-1.23136080e-04 -2.17391308e-02 
1.56806942e-04 -2.72386736e-04 
6.61077866e-05 1.24772242e-03 
-6.59230209e-05 -2.89830728e-03 
-8.45922659e-06 5.53029859e-05 
5.23093659e-05 -1.67003454e-04 
4.50786687e-02 -5.11869835e-03 
1.46096296e-04 -1.24773756e-02 
-1.75314126e-04 1.58163384e-02 
-3.71249334e-05 1.85332131e-02 
-1.22727375e-04 -1.00543199e-04 
-9.24521446e-05 -2.91374475e-02 
1.11945310e-05 4.18944430e-04 
-8.99024017e-05 -2.70987686e-04 
3.04070618e-05 3.00327811e-04 
2.62335725e-05 9.92739224e-04 
-4.24751443e-06 -4.71653257e-05 
1.40676973e-02 1.70591958e-02 
5.30482357e-05 2.29117535e-02 
1.87268106e-05 -2.20293235e-02 
-1.32045228e-04 2.06516050e-02 
-1.59117655e-04 -8.71327065e-04 
-1.95571265e-04 2.62966903e-04 
-3.70815214e-05 5.73158916e-03 
-2.05985853e-04 -1.19612347e-02 
-1.38712538e-04 -1.91113688e-02 
8.57489067e-05 -3.59052501e-04 
-1.02493846e-04 -2.40029916e-02 
-1.05478121e-05 -5.95139631e-04 
3.26587506e-05 2.61130482e-02 
3.46667512e-05 3.60443693e-04 
-1.04734034e-04 1.88635942e-02 
5.57044877e-05 1.87959711e-04 
2.37961809e-04 -2.62045935e-02 
-2.78347652e-05 -2.52087688e-04 
1.03099665e-04 -1.82899572e-02 
7.64157594e-05 -2.71070516e-04 
-3.68342153e-04 3.88546119e-04 
4.65655848e-02 3.24301247e-04 
1.20808931e-04 2.03868207e-02 
-1.05827057e-04 -1.40009467e-02 
-2.41900620e-04 -1.28033207e-04 
-1.17411080e-04 1.09687535e-04 
1.12037647e-04 -5.36048494e-04 
-3.74205818e-04 -9.67058004e-04 
1.09501256e-04 -3.90226813e-03 
-2.49124249e-04 1.66601327e-04 
-1.67363207e-04 -7.03924510e-04 
1.47344032e-02 -1.42120672e-02 
-7.13204063e-05 5.52038429e-04 
-1.26529276e-05 1.42116263e-03 
1.97099125e-05 -1.77448281e-04 
-1.55140704e-04 -1.59269050e-02 
1.32423840e-04 -6.33964606e-04 
-9.10605086e-05 7.40417454e-05 
3.27271919e-05 5.90359792e-04 
4.56227474e-02 -1.83623153e-04 
4.61726785e-02 -2.60706816e-04 
-2.12175219e-04 2.43114550e-02 
8.21266221e-05 3.03484276e-02 
-2.93842113e-05 3.11117303e-02 
4.82058458e-05 1.26051130e-02 
1.29320048e-04 2.67360534e-04 
1.27136853e-04 1.70306861e-02 
-1.32771733e-04 4.36571368e-04 
1.14823662e-04 9.17420839e-05 
-7.34181012e-05 1.27663079e-04 
7.37716300e-06 -1.88080203e-02 
1.11951731e-05 -1.80832818e-02 
-7.44065692e-05 3.00785732e-02 
-5.80143897e-05 -6.73477654e-04 
-6.87858410e-05 1.76639445e-02 
-0.30388898 0.05378688 
