0.0601700539392977 -0.0289457119175633 
0.0828903956958904 0.0205964509789469 
-0.0309357591702818 -0.133375373930353 
0.116951544660934 -0.0275662030167755 
0.0372125323920819 0.087137159750701 
0.0793428755144874 -0.0134875858149666 
0.0987967070268542 -0.0319511836757205 
-0.00320975252896837 -0.210122769409531 
-0.0292107619471394 0.0582522794718865 
-0.15166010356337 0.0968703619345143 
-0.0491109726532794 0.185864680420961 
-0.0299885470032634 0.122178636323887 
0.0743145618821779 -0.0328237710710787 
-0.118319769920815 0.0213249436922366 
0.0104580612535319 0.0343955976299915 
0.087074597823967 -0.0443787032009011 
0.00200672146374396 0.000748584898071315 
0.128647961702177 -0.0633131075323198 
0.00825712744721088 -0.00886442261250498 
0.0232324152935845 -0.0156600909467043 
-0.0112559106217558 -0.0124970020972974 
-0.087119617729454 -0.000751828655499951 
-0.061509553013176 0.124853457693154 
0.0225041917474887 0.0100847018463777 
-0.0320664130990964 0.0441691203612481 
0.126090853448536 -0.110108960369294 
-0.060390939016973 0.039234422799332 
-0.0151364716562907 -0.268002210619346 
0.0172736099683196 0.168816120583508 
-0.0922479150633056 0.146715658723109 
-0.0330738543998801 -0.0574033245370357 
-0.00368987472104611 0.073738593105686 
-0.0386326141889297 -0.0258839499636895 
-0.0441797058658346 -0.0739168278928064 
0.0210725769547141 -0.0334524555622612 
0.00570651910037121 -0.00126308788223477 
-0.116369637231579 0.0276194496233138 
0.0649359678269247 0.143085280396203 
0.124443160735638 -0.0142721575736115 
0.132556492656638 0.105498593941457 
0.167558605935873 0.104770246665415 
-0.0505615903832115 -0.0956152217379 
-0.0520818506653264 -0.198194641474086 
0.00761516128681143 0.0256702291755698 
0.180005523999129 -0.0647156528424938 
0.190048982603952 -0.0548371297922608 
0.0775570041948436 0.0280344648413216 
-0.018271466083555 0.0182251828651549 
0.0375652416111767 0.0449046883471046 
-0.0179792499623413 0.178990114547944 
0.0695472794571846 0.0464931940800141 
-0.034138177110145 -0.0766794446323685 
0.0751195550627553 -0.0809814913640585 
-0.0280183923019039 0.06965674517914 
-0.000507568009251372 0.106355250482818 
0.0831505094702214 0.0424038985596349 
0.0243819730095998 -0.00258258826328147 
-0.0385014994052657 -0.0413383956557665 
-0.0772217726975933 0.158361022733163 
0.0662338086798646 -0.0965807811466745 
-0.0159708096636091 0.042996560398629 
0.0220850451113708 -0.01580544475825 
0.0416549981045213 0.0830175126134197 
-0.0908414537732355 0.141438584729167 
0.1262432565683 -0.149632730864857 
-0.0317021345484438 -0.0608197536113944 
-0.0965660214550422 -0.0475360235672527 
0.0634248147944087 -0.0797910899911712 
0.194726628265675 -0.11402555726884 
0.0502375633127708 0.0863294368966141 
0.0372748525972849 0.0370397861317808 
0.0810061066741527 -0.00959617095315827 
0.0739958981097224 -0.175030444327316 
-0.175866880418848 -0.00322942342106145 
0.0906548906879973 0.113649439053248 
-0.00062601177316669 0.044734918633073 
-0.0972973112232517 0.0337948536493083 
0.0549147805795575 -0.136145015865924 
0.0185760515492567 -0.0481274897833745 
0.105949232235881 0.190437705935591 
-0.00301725532891277 -0.262967818071742 
0.107144369129404 0.0731854188317629 
-0.103026787178182 -0.197665739594223 
-0.0594660163287483 0.076608670958827 
-0.121854353772012 0.0606989715772227 
0.0631926728443653 0.00190641572232326 
-0.0385870695740708 -0.00255312954325737 
0.0947276277021736 0.116120971140502 
-0.0241740968310861 -0.085157076627763 
0.0439056154808782 0.0065495500742119 
0.0453918602160887 0.0188952694974668 
0.00300346858224234 -0.0232079881802524 
0.105039487948326 0.078516825793023 
-0.0830178499079249 0.0635347965703975 
0.0781820283385069 0.140629891657257 
-0.0425065687432296 0.108926808886082 
0.173875762081327 0.0282849782859951 
0.122101604537809 -0.00264111537333202 
-0.0718808765159866 -0.0929374704926351 
0.0353383754557144 -0.0279169008045645 
-0.0658433529620718 -0.101135321497105 
0.136124665101092 0.0221586409557305 
-0.080211108731236 -0.02416907097855 
0.0589151154304353 0.0712825841139767 
-0.0489555195089203 0.00917406512054155 
0.0929084780754839 -0.134597775753596 
-0.00710964268032411 -0.0378327620482326 
-0.0795327414567491 -0.00183782332392528 
-0.142352663975631 -0.0533022604069131 
-0.0541193740498994 0.0417023097183673 
-0.14988856506821 -0.0838793956972795 
-0.11384301543024 0.160245409641958 
-0.160719351400276 0.0589626870334953 
-0.0668910249260628 -0.0162875592423383 
-0.141690821001578 -0.131545122106826 
0.120067570043434 0.0785549861952684 
-0.148879278954864 0.0122007695845878 
0.0328723853280732 -0.137067359466993 
-0.0193482417943352 -0.0963049647419109 
0.0180031658495102 0.0325186332847212 
-0.0324194386226868 0.0695207160136194 
-0.010831592131562 0.0808960211070403 
-0.0893265887620977 -0.0769617222015906 
0.00659870116144804 0.0824064996669436 
-0.158227026200953 -0.060244664464159 
0.0584084294812345 0.0386232764897706 
0.0273910000182636 -0.0265187622454839 
-0.0434231442964159 -0.0514374815119817 
0.0154136643306393 0.00503647453329014 
