0.657942313706779	-0.162681954054328	-0.562415555237198	0.336686780340360	0.00424330825553206	0.0883489120748033	-0.0339144310794819	0.0810354615117996	-0.167477572665812	-0.178374365373816	-0.251324233019142	-0.171113739045140	0.0615372884431015	-0.0879619929506558	0.135859504888914	0.254521964721122	-0.170844446900510	-0.103922342630418	-0.258323868109375	-0.171217988563883	-0.152806867795507	0.128583504962022	0.266256178668120	0.0358098382735641	-0.147555070785183	-0.0239258593451355	-0.396288163093864	0.699169785371773	-0.0689210011386946	-0.880133613507051
0.405791092474978	0.375001894893803	-0.400483770759366	-0.568924481649492	-0.0619982517826657	-0.0739904934450025	0.0809014697331537	0.0789258124910541	-0.0280744084445786	-0.0135655307777422	-0.0279895987307856	-0.0606840846360603	-0.0681388621965434	0.0244683088419478	0.0615199767688192	-0.166717845629188	0.0992311321082222	-0.127148962419190	0.0404158117857938	0.471658453629654	-0.161363081033042	-0.134830255810731	0.207635159115473	-0.154234653067737	0.161626476871837	-0.278255660896945	1.11876589202721	-1.21528984135816	0.0627694707527824	0.802084207897619
-0.159216797516066	-0.204697567761272	0.191666183799342	-0.0648636850867805	0.0614021506218323	-0.198084136060834	-0.226287168905914	-0.00515718596459730	-0.0681512252534803	-0.187923615548485	0.0455533987458380	-0.260729931954962	0.0545654107734333	0.0950924479728643	-0.597447213445774	0.328514105929147	-0.407752456035566	-0.270870990930812	0.325489878212783	-0.230920208264162	0.231086606398302	-0.535227069132493	-0.0276859989698134	-0.249915159093983	0.313118506566909	0.328594212356566	-0.191194877763796	1.21676659407029	-0.662646326622596	-1.25051776259744
2.45857378144906	-0.0995130861570458	0.231979464283322	-0.0100523917969350	-0.0410073557161249	-0.00421372606135536	0.0101044576605926	0.430343526898068	0.150769668420090	0.149433769951657	-0.135863115044279	-0.0642157956843457	-0.00981825131978720	0.0192964245626276	0.0430455580378294	-0.274746031220997	0.0388681260078689	0.0281783986056976	0.212365486649981	0.160743980366747	0.0293053893567849	-0.0726904372583134	-0.0719812601572389	0.0516776319949128	0.0581005084734333	-0.0814086659736947	-0.732383875983556	-0.656736900083469	-0.616466161992659	0.830827691586982
-0.157278105050671	0.421511391651740	-0.229630337269273	-0.0465091927604866	0.0778004577239989	0.0194208841695267	0.0607376488802379	-0.155678850168999	-0.116832932739835	-0.129922895916631	-0.116018463829411	-0.183274986875137	-0.195029704414675	-0.0259270989528577	-0.162025824134411	-0.282605609276078	-0.199449334366823	-0.446063799009452	-0.368278077360471	-0.327894104194868	-0.142192251494551	0.0959684766964118	-0.385242142190190	-0.212268642773199	-0.0225636857189846	-0.166505848508597	1.19576181268638	-0.360781734814002	1.80832256826753	-1.35695122330180
0.679054447734422	0.0889117506485135	-0.261629325164683	-2.60002584362500	-0.441893066583968	0.0688994575834927	-0.0431903899613932	-0.0343153845651994	0.164794595135771	-0.120078930099472	0.130087654077413	0.0570098653689405	0.0939290612284569	-0.0243295618792520	1.67821766532142	0.0464487909669218	0.605574170510256	0.996719606864572	-0.711555989711483	-0.942071266594034	0.0288466618819540	0.0380066208798554	0.326271752524454	0.00552125562072090	0.0915367642942874	-0.277190614827376	0.258152534243702	-0.574326121981556	0.374254147706696	1.45769004785637
-0.231816928947080	-0.126033508418939	0.534388055321854	7.76432739515545	-0.340330581482466	0.0867030730930171	0.639612619148288	-0.167815223025953	-0.317838212805500	0.269748747231534	-0.120526419388633	-0.0347794452257756	-0.127950341514784	-0.0602429401168873	-2.55279951276355	-0.537871186171724	0.368324310951038	-2.07659038500127	0.166157820988683	0.163868631036226	-0.0137946290696502	0.366144585899435	-0.0583595431147181	0.0723800453478706	-0.169206275277284	0.0917148325755011	0.122321571152429	-0.114118821557525	0.285470491148985	0.174693144082847
0.387554763339733	-0.0881459212486238	-0.944836772355278	0.262209316905392	-0.226294299211545	0.279638280273453	0.0790677353689563	-0.222166892063770	-0.145700181716649	-0.00826054952348079	-0.197767513308931	0.212516248808799	0.0929916320011606	0.308466710412661	-0.844357556739388	0.240314620337205	0.231630585686811	-0.651419418842754	-0.0980005997871080	-0.0104681213830619	-0.0254012826469091	-0.0187025410720300	-0.112505343044464	0.203697697379025	0.0709850732531479	0.0356914932826668	0.0468562913560789	-1.61381053698072	0.580315105467016	-1.34305300121470
-0.564100038360134	0.331039590815639	0.658223918176723	0.156328271352850	0.108856785632123	0.0311837733114683	0.000930365162502619	0.0172025490305541	0.125460262727572	-0.218742296383766	0.102065262946953	0.154346850030455	-0.178381409945880	-0.193797140410476	-0.212846866982598	0.0865424707167073	-0.264100061665918	-0.218923042139838	-0.162439192758133	0.0323159953087097	-0.0357887666874098	0.273095293765427	-0.310627398897547	0.0297204249427132	-0.159640260566524	-0.276810602590574	0.223971405392675	1.50813832980368	1.02507721278239	1.14225078505835
-1.30564025151860	-0.0920457801518675	0.282432391329493	-0.365105890530321	-0.0109911948144908	-0.00476362250659643	0.0271327059625322	0.0493502182459574	0.0423157999608882	0.0187226720284487	0.0471083248878896	-0.0694092315317198	0.0619970433718083	-0.363083621247753	-0.487746978796715	-0.344412970276817	-0.236401554750457	-0.224966695608219	-0.0720255560964428	0.512443787678679	-0.0728323843466708	-0.188318454489215	-0.0227641853135326	-0.0440403823568162	0.224567607154659	-0.255915778535267	0.0513165484202825	0.118449221330347	-0.586208163914595	1.53519767542103
0.254198660723081	0.0541805516086546	0.0834992235953225	1.08196538194736	0.0392672424256665	-0.00689741808661773	-0.0174524719929219	0.00102387951357902	0.265374989373274	-0.210340719661864
-0.191788923071124	0.0851721849320591	-1.22376771516136	-0.129555076044159	0.0569167380529817	-0.386451499519450	3.01346675568423	-0.597214183573420	-0.548607173679034	-0.491482628652544
-2.14026167421160	-3.86582664663867	-3.91064492894443	0.101165650872993	2.22008441653824	-1.50607628040056	-1.18118358000465	3.41557484387368	-5.41727433095797	-2.70142904519466	-0.0925850804670687	-0.674008841356031