0	-0.372766790698602	-0.532379459705726	71.5149134674550	-14.0139140378765	8.15670922106821	-3.97066162898073	-10.8453895303673	4.14906420884853	-1.77056576302189	5.03944963150631	5.22759882582556	0.188631369700656	-0.633782080625082	-8.71553147588287	-5.22984376207935	1.77652475697379	-15.8830749514880	14.4082633090513	-4.91708958309146	-0.458886726856179	-0.424307345021552	0.560080010551010	-0.216726452126282	-0.102528205578668	1.95137605414003	-0.798788635872280	-0.178468083569834	-0.360512894708634	0.294190124509201
0	0.00399356672350601	1.76102559223717	2.01861112422510	-0.495154009133423	0.537741566443671	-0.459723562414589	-8.75815431788386	2.33871749364947	2.37515481377077	1.84462260654092	1.79429137979985	0.0195552650645593	0.146779005076432	0.0815590306292084	-0.213184085680982	-0.170800597148035	-0.172878677865719	0.304477348455122	0.125599410461382	0.0558882725599350	-0.0157127312506785	0.0308621406149423	-0.0694701903700909	0.0333223172197749	-0.0194442900293348	0.0613973019869237	0.0581966919331570	-0.0350443293657477	0.152691360834282
0	1.01804588144032	-28.5567242495447	-6.94529262958409	-1.31580106935274	0.0124369984725696	-1.39956433467929	47.1013715100910	-25.1784665875058	-25.6574134169189	3.74766518120062	5.72148047715013	-1.40900705613510	0.775274432310965	1.03446719184898	-0.576181029262386	-1.82537578376564	1.40835782482991	-0.112216455292561	4.08590631837412	0.322319748281431	3.66347054455358	-10.3032048724596	1.70902865204417	-0.662404399355906	7.86326440447667	-3.27448616270085	-1.13366950931737	2.89919442310840	-8.51609743442791
0	-0.527247496896326	-3.83600491607035	21.7084066623519	-3.26472660574556	-1.55672336569980	-1.89797310924399	2.64889988818052	-6.12642138069393	-7.71787782224211	5.82005477283670	6.44155581216031	-0.0624474463241485	1.92465270165558	-0.708213301859658	-4.47559875152216	0.256124179847000	-7.95592604962378	6.25592879534957	-5.06799834241402	-0.0577719036095634	0.00366699331902676	-2.12962451575755	0.179040343293822	-0.535780207043004	1.50475059767958	0.166277389902067	-0.164389014264892	0.240617980333389	-0.0646390174833370
0	-0.483718446707030	-3.22883444858401	19.8464159142549	-2.83947778472981	0.196100218506564	-1.70036052960526	2.59654027685523	-5.84054207884102	-7.34115242606441	5.51344027936518	6.12680879835710	0.0437220220110520	1.73628591176184	-0.513905069580366	-3.99542222202351	0.425908033144099	-7.42180780000077	5.43295200678616	-4.25551028152441	-0.0210516056596487	0.00474232469228049	-2.02382205212908	0.170404266997198	-0.513467838338104	1.29531170235234	0.132941840939120	-0.109043059878003	0.227297267286041	-0.115756242245687
0	-0.0806831389023801	0.740499155038269	4.69882850476185	-0.260305786305495	0.791569062757688	0.863614383536698	2.53528355832015	-1.12973966561598	-1.40250812855999	0.117003010344315	0.0771435452807366	0.226134185569079	-0.463844612643343	0.555192478950358	-0.0622089978612001	0.580187493066680	0.0638286267090145	-0.439491448032822	1.21315843752323	0.00933114336601666	0.0321164604944829	0.106847893800886	-0.00797809903487842	0.0264407173949565	0.0218053041599089	-0.118497347008782	0.0785822137434346	-0.00675117613873069	0.107080568078723
0	-0.0522320358166458	0.792649615554594	7.62770650992625	1.72519298709871	1.05912647501808	4.39792771127580	-2.72276550623922	4.85343073572456	4.76920293794894	-3.40476618941312	-3.84815641088323	0.144078688076508	0.121381265047385	1.17441081899362	-0.316732708127211	-0.111184093080741	0.328502555802771	-0.169930504476774	0.528494637421491	0.0919850473467083	0.147214210460373	0.366857111508351	-0.149913353087422	-0.0230754423006487	-0.252635612633146	-0.133338809367816	0.119976603297400	-0.0131640194534287	0.152164518172709
0	-0.0623721414757672	0.205599563652936	-5.25694942285570	0.216118911576268	-0.184698395348123	-0.0709749450181894	3.01737329358720	-8.93665140603240	-9.64305413386679	7.62236556257315	8.67014435804734	-0.240839769012707	-0.959910506389738	0.634043638794471	0.834125344973434	0.857864142178150	-0.663018477940841	-0.403654639782792	0.443338226590254	-0.203274250892290	-0.00181002852742957	-0.516419056215616	0.267551265607171	-0.213412876781899	0.554025013120787	-0.0192271337541169	-0.160039685787598	0.177223158410408	-0.188746544146863
0	0.163970041520998	-0.883098769852529	69.7555824540405	-10.7498263154891	5.64465199749889	15.7167398445907	-13.2674593090821	7.81500252457087	4.83766859660856	0.156097530333505	1.08656159946727	0.174776278484373	2.21457605856534	-9.81003536746307	-2.21289393563991	0.238205590365812	-15.1321106278179	11.1485075745789	-5.84251704672050	-0.0680762259759432	-0.461144840161918	-0.104962435367606	0.0545494033325256	0.323930077222589	2.41097078980732	0.646684703999951	-1.03017822720536	-0.268412510655491	0.434963360196076
0	-0.0432652337663639	-2.68152701823867	2.82546883724959	-0.716007402272347	-0.168664011036362	-0.380701080214582	4.43557226194463	-5.61955041527611	-5.65148933321890	3.62784465259006	3.46610781418963	0.173462360093388	-0.977923740831480	0.683481804627867	0.438757618442383	0.132860401048021	0.0755362067228089	-0.821036515700909	0.410963238429687	-0.0842861160891827	0.0446531302688111	0.0147488507708451	0.0140751672925633	0.00805950811680152	-0.0175204699744531	-0.0825462228172857	-0.0424274699926280	-0.0549819624263019	0.0217187919399566
0.00414120803520962	-0.0121514423477357	0.889388586938623	0.0153687040320825	-0.0107115639020211	0.0129312681567649	-0.000209967818095679	-0.00672334088838745	-0.0190914380838039	-0.00255422020836776
-3.70201874089142	2.23611240673574	5.62720141383344	-18.4712503045864	19.5448805225076	-3.62991171624215	4.94210839022660	2.41629979393707	4.85034972716833	1.95364775264979
0.523106285177094	2.79619103680589	-58.7886784505327	-5.74995850985295	-5.44049183188408	0.0874753036008292	1.74410552780903	-2.08501214645701	2.44689107425904	-2.75870828074684	0.0122261848462091	-5.17542747992471