-0.259230491367167	0.0423087394621389	-1.55240055640793	1.74155219795904	-3.73898925910018	-5.66721243076783	-3.62812332630996	3.68587925804736	-3.07359340618062	-3.03875564037812	1.12308994762643	1.11620529991376	0.0425251575631285	0.000401077276084205	0.0962371083327045	0.0486614696229243	-0.0244814586540481	-0.0416740663901586	0.0530225360159163	-0.149284250639207	0.0106359384025951	0.00803133486802451	0.00390289535099582	-0.0206579363191997	-0.00941805665002892	0.0169032946535762	0.0276023462371524	-0.0380637341838452	-0.0279584137959718	-0.0387758967323542
-2.50856228760798	-0.855626936818424	-12.9189099783304	83.1060550083046	-4.37243238112865	-4.32098400740789	5.18518548488021	7.48871285182836	-1.29019575805400	0.221065064695846	-4.12980595118221	-4.12254057978496	-1.05676017258288	-0.0520943483297265	2.39477363830907	-2.96925767189335	-2.42812100945340	-27.7926662913847	4.35796208758996	-4.86932260677204	-0.616772828558281	0.753533356638639	5.16401669222268	1.35261424368932	-0.194361625915611	0.409137168709437	-0.0889690204675936	0.595286933594798	0.332901814092048	0.241691618667881
54.4337367532701	-1.35681296891117	0.639437294873129	0.509892090057093	0.484083224282947	0.703961276843733	-0.253560121520632	7.13317026344274	-4.56532871685356	-3.65521577938708	-1.24541401942387	0.397653686010544	-0.298270329693968	-0.0812765329868031	0.342404586788400	1.12823796632685	-0.0151277497127118	-0.109689779758507	0.102710950430882	-1.20790423491940	0.583606746826801	-0.0101667350489352	0.287387779487536	0.0315970613815116	0.139988811295843	0.159454408220512	-47.5198153543690	-1.37175617185001	1.86033207234988	2.84030258845074
0.420094706443892	-2.39924415266543	0.623915377724341	0.345978872714563	1.24365030018759	2.33185636101097	0.317753217917787	-3.90872429944032	8.90646666981851	9.20639552392247	-9.35900012608538	-5.60707938764667	-0.703216823325289	-1.09137503114852	-0.0328015680654887	-2.67856963750320	0.244961218322576	1.90105321936143	3.74300039403542	2.91962162848783	2.14235002483000	0.659198485113804	-2.43036346963753	0.00195713860142172	-0.476705050080923	0.779530574020868	-4.98834795744583	5.43730141543717	2.01338335823726	5.95612004078954
-27.9099756094657	0.0408199487039146	4.32328353808891	-0.0911604719484348	3.05063646857848	5.47464770073547	3.83068850563235	-13.1771153207807	5.82188799641645	6.29603980537561	1.62944571854615	1.00399785294232	-0.788555130960759	-0.288431111112726	0.183693678623645	0.345935908579746	2.74695026294610	0.289165931686690	-0.356060181022557	4.29113523613349	-0.174704778554442	0.250760186182394	-0.876748659271211	-0.147898705969112	0.0346459287115778	-1.41086893821467	-0.489878138337977	0.162163364548951	0.303908642941536	-0.459827031448504
2.22655347784866	-0.00727408879560926	0.374111010700808	-0.00926199616177791	-0.108535356568522	-0.0145738883213784	0.0283480603220709	0.875461635990145	-0.554991826931399	-0.551271529188732	0.0850588660189927	0.0835214557074004	-0.00956945635560833	0.0152680669463676	-0.00865989077662813	0.00379699063461741	-0.00708776086841903	-0.00120795514658202	-0.0163625047931759	0.0274893106899049	0.000876628584864527	0.00216672929629863	-0.000876530757401456	0.00357757161532736	-0.000697450686057660	-0.00192212133609802	-0.00998570397020902	0.00479570590618051	0.000732791031353361	0.00932916824670273
48.9162180593892	-0.551258093892200	-0.480176701092653	0.224318791044866	0.0780130493358888	0.972146489647559	-0.0587239635145820	7.99306691937522	-2.20574691970115	-2.67392630959175	-1.05959958218065	-1.58168283795013	-6.03697353347556	-0.0929468950676308	-0.542406858762639	1.14976883079761	0.100214384262267	0.852443007736014	0.545312409227498	-0.666715663008199	0.100824848621732	0.0349050632161899	-0.881327329899643	0.104366762879601	-0.265421053614077	0.0385702215194301	-46.2324421818552	2.56002009162538	-0.833599453033488	-0.586694578478764
-4.00995586112848	-1.48305640112535	-3.43705396564175	-8.11476925359927	-0.987069480896917	2.38263869481296	2.41300218337769	5.59490488164158	1.24919531542042	-0.172385583666897	-6.93583280835744	-1.11556479827365	0.939451160104825	-0.144184586252144	-2.56193871053867	-0.655045364322658	-0.0861727294365245	1.13906225503813	3.87114708263115	-2.34890003076798	-0.380101590310790	-1.51030062168487	-0.152063095359630	0.569833344276381	-0.109791528733600	-0.0580102459871626	-1.04450471010877	0.335928921082421	-0.723498115124897	0.599703205780460
19.5952634368800	-2.66480651827467	7.10659826320135	-10.8256919772152	-0.735480259845965	2.64613225257119	-0.697832126843336	2.44160519660013	9.72119791918185	-5.89060705273505	-4.37841589519769	8.27146788981794	-7.50061854531029	1.55935143992086	18.3081423996765	26.1793492935489	-7.75458593803820	-9.42368060401986	-12.6390248139124	-10.9119137388963	-1.79264622218778	-1.12120324501541	6.18822704889854	-1.36442398088151	0.714232607389011	-7.51304238969953	-14.2442161331236	-11.4877874104213	-2.97897438403744	-0.779161877616670
13.8530158937972	5.50768311228437	2.65953239492763	-4.20301780608183	-9.65920181667410	-2.77444146733926	-2.15412554453776	-11.1584361483250	3.93268611136210	3.57681498121798	2.00987534892587	1.47423631869631	-2.76855457728294	3.62146473545726	-8.17524986991223	20.7060538469308	-4.04630072193613	15.0159502802889	-19.0019242655982	-8.91604598065713	7.52271649918529	1.62231892409948	0.474725312213271	2.36535895646436	2.23462027542291	2.92601921700762	0.0814727762159010	11.7250742303764	2.16440506584254	7.78445344511155
-26.5822434515620	-1.23794012257542	58.5947143210006	-39.6906288754617	-24.0967304753362	9.17362986359744	74.4572712556619	2.71441739129589	17.9961497178834	-28.9417474302908
-1.20960450948572	0.364273251812667	-0.266137892242059	-0.00595069596413650	3.12708352118291	7.05732206072094	-0.167447431759901	-0.125011070268179	-0.00824845537796101	0.0904019452756566
1.02671679022770	37.3363593329244	-0.731962459653985	-0.0110857430189581	10.2852923870073	22.3501433839831	-0.0563311461089010	-0.0538687219332807	-1.63183667573048	-4.39010874026829
-14.3232237949142	-11.4404760090135	7.52489655603538	12.1641711454144	-8.96463763573401	-12.8998394920759	-3.79770388227633	-33.1182893070470	19.0316414884296	18.2963933639388
9.29215320822884	-0.589470790288530	-7.23396225690751	0.762785854438624	-3.83973745073741	5.91846223444088	-10.4461701497450	0.0429520629129460	0.211685709787995	5.26551975177306
0.999903915115643	-0.00100188870533743	0.000602161464678243	2.25582695864147e-05	1.01590277154874
-0.00146719266251470	-0.985390143572054	1.13738891792065	0.836549836380890	-0.0589104552558839
2.66171499043623	-24.3008822460177	-9.67354773278222	-1.58819902110477	10.5396502611387	-1.27553647635803	-2.70631489755552	-4.18143105985415	44.3434605140295	33.2916493599625	-14.9064418768151	-3.63798901002875	-9.53904335239068	26.9722314263694	11.1273073161978	-1.01592647482326	-0.612442997132069