-10.1706531134570	-2.92814968026589	1.32587268755017	-1.81973969648375	4.57498383797533	-5.28255635190216	-2.38529471310529	-14.3618302176897	3.47951299364889	2.02708150218170	3.43080436277510	7.91906961843903	2.31707856363355	-15.2772967267264	4.01526396122088	10.7318158496004	-11.6646309811019	-18.2304554847559	-3.18806384630346	-11.5915415180839	0.204198485560103	1.18104024520734	0.682751234312816	1.71404930985140	-4.19137060993105	-1.97822539204658	3.04558251489971	-4.89772150019888	9.47764239939152	17.7861353054111
1.95986041432344	1.14588168969496	4.68776049916875	8.97646280688230	-1.25644088248541	1.23319842070574	-1.71149573919462	-6.41586574886802	1.34465960189841	2.73833044693951	0.0859619423179585	-0.662758226057699	-3.89726841640826	1.05970381105162	-3.05896784656678	6.96574395700373	-7.27033605970644	0.0996300160308747	-10.7410998144608	5.33299362585984	-3.74524469154868	1.62116158036328	1.60185414347271	3.70074636145989	-0.0873330441143524	-0.702291415862661	6.15844715072682	-0.683570335136040	-10.1292829575867	-5.16049060860659
-14.2305601360230	0.170757269628669	4.11418291770706	-0.807663287037976	-0.459770955589956	-2.01903445837050	0.710572155410618	-4.90277266868471	0.311818722761776	0.260099772530041	2.37811440691576	2.47471646324950	0.000774272825297258	1.00777493998529	1.20051959378103	0.471458646028551	-0.806450272016831	-1.05825999774583	-0.454188433848540	-0.938755437806003	0.0232578158091289	0.0229756793257736	0.136670245414062	0.0102425778531926	-0.0166710007998991	0.424256198863909	0.248928396982161	0.145599543190290	0.00875261494317388	-0.0129667701945445
76.7421994159632	-0.786521242934392	-0.0736407740850157	0.887862793840151	2.38633344201570	1.48094671487017	-4.53995920737799	26.6279027676264	-4.32697123070167	-6.25189069049140	-9.28476389559671	-8.98249717846750	0.155656229027207	-0.0324124869226593	0.492713423300861	-0.860694720247998	-0.103774247579168	0.183892501514468	-2.17086416080969	2.72550745054484	-0.0593919808531736	-0.794610705774829	-0.550290877489764	-0.0179383926122981	-0.155805776334937	0.324623241908949	-70.5712028281997	0.776777028903805	-0.407864636930142	0.404636597136263
-8.58357563260597	0.0127430202367458	-1.61580446226307	1.63163981663386	-0.0231512744313472	-0.507233140641710	-0.123663182540242	-1.62611417409751	-0.187494038867593	-0.266463235348551	1.13539486181811	1.14117282801505	0.0204317785296671	-0.378661792201095	0.398546491448751	0.600666618686554	0.303036311704747	0.0256300409071142	-0.306909964809515	-0.161123471105764	-0.00550690469743851	-0.0223601382216799	-0.0424723269261575	-0.0203367160299851	-0.0130870164568791	0.0827081322064570	0.0658339790465932	-0.0168771736038445	-0.119402005940885	0.0247047458599371
-14.7243123295670	4.13132935932512	-0.571246662170384	-5.68556145633180	-5.04463278498373	6.93374415337340	-6.34022084164681	-9.76900760306657	3.85764654968586	4.66868242504051	2.64511028467419	4.15272744750887	3.86414294305298	-4.60643389591831	2.74528200963258	-22.4100322713031	-3.70446663610826	-0.632821188261759	1.32233137443660	20.1604228752418	0.126785490216675	0.800167162039489	-2.52017673826606	0.115576530999215	-2.02763908024715	2.06845282447238	2.37845375083978	4.48789801375611	5.07071389360063	2.09630659473149
-3.32316306673852	-1.36343750154874	-3.04412106674185	44.7756315075716	-0.0957492293087759	-2.13888626631094	-5.24502532223029	-2.66817215195630	0.509758403568462	3.99949406284838	3.69828007543930	3.07708727252469	4.19398011707636	-0.113223462619746	1.40750282072886	7.17170470401326	14.9696727471623	-7.95943187204112	-2.35812981072137	4.89903028962517	0.676057387797810	4.78231708952826	-6.79080470857747	-0.0181459134778294	-0.0948961737155161	1.98267313871192	8.48613189937736	3.21230577793348	-1.24950600697231	-5.73846577412176
-0.494604274442985	0.00279915778008551	4.85881754446991	19.7494150374228	-0.844097363768728	-0.235361343496241	0.0776351785786650	0.537577200200232	-1.92535997237799	-0.918589638773029	1.33527016432853	1.86661062184021	0.00782384059874607	-0.992974668114026	-8.97734216992565	2.48871406614267	-0.729045596503677	-5.50900449009463	1.47275611330256	-0.0692272736449791	1.51887420806914	0.185360190794457	-2.10182837548635	1.13082886050322	0.224647595005186	0.884742283079941	-0.478367501516134	0.292121177216234	0.125079741591860	0.184929476138496
-10.8220840199645	-2.70489738322750	-12.6277174273374	-11.8240041210386	1.48066671145390	1.52456120729653	-0.700138678824695	-2.91610608176795	1.82900632937291	-7.22508217489309	-0.879555822234661	-4.23780433512271	5.54978039187644	-2.44991217463202	-9.28594695898601	-9.13266797698452	0.257410691379442	12.0032862351523	-13.7646766560678	26.4255820925629	0.295907517214856	-5.52977953101127	-0.941950862696264	-2.61709049397031	-2.75337272826986	2.60626465840608	-2.58786269387256	-8.59441846252404	-3.80052147739446	3.32261141969988
3.31921142080735	-0.0104654325427474	1.09810950671740	-0.809451803324653	0.459794725004634	0.884170620204957	-0.0268896993165472	-0.135009659712439	1.92317703905641	1.92960706209593	-1.87583151406269	-1.91645452548580	-0.0203180336821671	0.259637680939748	-0.193426358228788	-0.0142628181792924	-0.196069819851394	-0.0473306099125907	0.0422008346613564	-0.0873089985030746	-0.00157403961042529	0.0154692008789244	0.0392487371194287	0.00293048684189283	-0.0153548562184633	-0.0606270376473014	-0.0232958304381613	-0.00782748977702709	0.0692008617937605	-0.0277473988209334
-5.92954187762847	-1.73770035472401	-13.7166431907244	-17.2683406109966	1.42677329262108	0.372140335573754	0.574566758755472	23.6636118627890	-7.28897083702621	-5.85061351614283	-7.82900025364136	-7.18342451739511	0.499668673047869	-4.52041248721717	0.535623561058390	5.82403790833092	0.476765346133410	-8.20685420097661	-0.0607897927089469	-2.15220041564753	-0.285768252089183	1.53407946648815	-0.291294214959405	-1.62825796877958	1.72613037474140	0.0583092461820222	2.62560261905139	-2.58194089242599	-0.886134323152814	-6.82192801903802
-5.53509123981780	0.521919608834297	24.1588422726280	-25.1822128338528	-4.39872714920149	-0.753518819725494	5.19409397274040	-14.1534185878409	3.28840853836952	0.377802634095762	3.41925435902130	4.59065707854500	-4.86194554484971	0.187120387068175	8.43683559518698	23.9769367783766	-0.0904681294500212	2.32646913299993	-22.6445692615567	-7.32609435834446	-1.93102149644501	1.45122432662419	9.20551008315812	0.722977802055133	-4.97073088741710	2.66742559408459	22.5398402226936	-4.82399145063977	-7.49574845429781	-10.6679169079064
-10.2595675932345	-0.775939766385910	-1.93131674090209	-11.6421446868546	1.89560191669654	0.854854882541679	0.816948229410939	-8.53921747143777	3.14918534265565	0.711346077103509	3.76419142523036	2.87343779420862	0.679727235956645	-0.625352546369596	1.30305752291435	5.79507757595845	1.23074544099828	-4.20952055674454	-4.44567284513535	-8.07172357710516	1.16965259020034	-2.66390588569559	-0.0267981148846283	0.296211388581742	0.774056873765078	-1.13777597798544	-3.40115250571533	1.21834579794546	1.84837001247424	2.73208248708533
-5.89363541868128	-0.367835552452045	10.1262386093905	15.4082062205002	-0.469493259455247	0.00629353563030193	-0.793411569326203	-7.79301230148727	1.27252445482793	1.20852781228745	3.63784696617763	3.75650011378360	1.15664590177422	-0.518448625615977	4.98720530474771	4.68885598581265	2.80461159471570	0.250141666881913	-2.31458305981532	9.34464918777788	1.12459651778069	0.592399331426506	-0.397954163928631	-1.48168195060006	-0.283069031590297	6.57657235496062	-2.25872793789303	3.60117306171462	1.77980888119069	3.95010387129831
-5.73979947557980	0.132718593540346	-0.649780658884660	-16.4483211042020	-1.00146899224364	-0.129211858777764	3.20785066413043	2.47259855941920	-1.61670313709929	-2.06888614996468	0.756225829509719	1.55230979896159	-0.317253303201590	-1.54290641029648	3.76064433472218	-13.5843314050102	2.36807294062861	-2.35371296455798	3.71290754953956	2.17261391381958	-0.827538415168270	-0.775595722388045	5.27583528417660	4.02945687542200	0.681651853917585	-6.00442493124900	-2.51327946502080	-3.07066774646521	-0.790780596211365	0.644637212696752
-0.0900155540266177	-0.103178871352602	0.719720452010927	0.974331103027207	-0.401911613566352	0.0193272969043344	-0.500544960207000	-0.965274597746838	0.868466897873201	-1.08693077206567	-12.9251949425792	-0.0665739768821180	-0.0242549518947631	-0.0387105537129783	0.168518043775774
11.8653563172056	14.4805590046346	6.61716756883192	1.30765702299286	0.573959851222740	1.10874720785566	2.11619977180143	-55.8849511837277	38.7473541542128	8.39833633569603	5.30531071184263	2.52127090812971	0.0815156427262970	24.1219660485466	28.5288333698100
2.29998598369503	0.488496951444129	-3.67099497844146	-5.03267215836428	3.11652854729954	2.38369446816091	6.76292972219221	-0.353219071566190	-0.459616030852630	7.05103586131113	-6.85414032081596	5.50518981119903	0.587892374638073	0.553577355992003	-0.539502644306092
6.70710429761704	34.7326066711103	11.8877907029890	-70.5337891136791	-9.98006788025831	18.9997165375356	13.9247088373456	-12.2589431124261	18.8279103485912	8.97917151473861	2.34619401347756	-13.2206075252155	24.0232466404479	16.4671705142911	-10.3000708488850
-1.99043142860863	-0.457578031706197	3.24606880244491	4.54110137217802	-3.34167163601849	-2.28097130576581	-6.40675518570531	0.254824006958265	0.449515725112866	-7.21747657730115	-10.0345870868411	-5.18360284257426	-0.557246089007473	-0.522157224585199	0.516792050428590
-0.000192006173460480	-9.07809531762607e-05	0.00173146503013678	-1.00046461951050	0.00148670031872575
11.5561153706016	-1.09929890833490	-11.2486719416206	-0.00877791342058446	-12.2468384934307
35.8675142746869	23.1247199283463	6.14247973122246	-6.28007317405211	3.04224391202684	21.6431826726242	-14.7516734492917	11.8647416580876	-20.6004354875855	-1.29066441457759	-36.4764472103510	22.7482290161455	1.84240251101780	17.1967084706396	-5.07040310772673	4.80241342816676	-6.15090832178795	-12.9016521545869	-22.2610501549260	12.8185199162653	0.999034818822326	1.91187215600588