48.1533217114650	-0.416254544412390	0.165911879128412	0.0213189372106898	-2.05737157025146	-0.845750956500720	-1.60182201093111	27.1108106383201	-16.9598459892768	-17.3614144065609	3.25331123187280	2.40894403448685	-1.34743302933471	0.0666381374088923	0.0935325260076209	0.135282189167486	-0.339098401350366	0.258301060553867	-0.753506775285298	0.559305938743910	-0.136430091677233	-0.0757165413592519	-0.0697042513807408	-0.138728122901478	0.0265638377560824	1.53203483239454	-49.2960304051981	0.990826875521467	0.584613819920465	-0.467509915838456
14.1073315446716	-1.04801598769069	0.586292236738436	1.38673512665747	-1.48218063650380	-0.844476704610034	1.17749862541059	-1.42567841272526	0.636429265876586	-1.29945242103863	1.93240612935922	2.01576905186924	0.458708304092683	-0.293158729386095	1.52409851870166	3.58534545929213	-0.396068105929721	1.11458842179159	-0.272729215278905	-1.18673406482549	0.132416926883789	-0.139986655287775	-0.346572651868432	-0.178211303188533	-0.620945079035886	-0.0335216979769730	-1.59793914025317	-2.13695750113094	-2.78984693849466	0.218818216290077
0.903728284169262	-0.0224555422608587	2.21974273368589	-61.8513296293591	2.11894259306556	0.971672734442851	-2.97246634118873	-2.58751410718437	-0.113992731692512	-0.744380195203407	1.97592332484948	1.77063585284090	0.220278097914942	-1.58323537033678	-2.37288186043524	1.08219223422586	1.82339799150871	11.9774248204482	-3.25511713097447	1.31491575533073	-0.305308110998016	0.130947506767335	-1.75861836176037	-0.317803247195703	-0.243025961446727	-0.275661496213620	-0.415851497128211	0.519263081172510	-0.00183533337156047	-0.269599753746983
-0.284765009471597	-0.123041765847364	4.97959743333739	-1.11290809390135	-0.608769564371271	0.195211901698361	-0.491994311918832	-5.22757626111780	0.436052419900330	-0.266886961508419	2.94439406235143	2.82503905730503	0.350880147186031	-0.346001027695185	0.195737652131223	1.22798384328143	0.180651331557530	-0.156606490319716	1.30012935458836	-2.17413239689366	-0.181411327137570	-0.0767427943971520	-0.119289783676432	-0.0764638669277394	0.0415411299718224	-0.0595802549201592	-0.526909730204974	0.559037527658135	0.155293864407137	-0.658378756148120
0.00644685499002347	0.00293639538356819	0.865758541493137	0.0220771982786122	0.106320574821540	-0.0198395601385936	0.110259824668806	-4.18720430661901	-0.671646345988987	-0.675509482013818	2.87539708561582	2.85253823598198	-0.00825849783502994	0.0291528221312189	0.00886495569138141	0.0246190352233216	-0.0222586901528027	-0.00148976920255912	0.0327811027012153	-0.0569049875676346	-0.00434254515642683	0.00165227657606760	0.0129135556319565	0.00237240495293906	0.00871781379097329	-0.0123182660772999	0.0180457529472109	-0.00291452893088479	0.00675405014984384	-0.00207934739679937
39.1993408142014	46.5719379742108	-6.19978776575327	-22.6854330593236	-47.7300010826892
0.0351151879656673	-0.241322761097834	-1.68297333676246	5.32989845037564	6.42756863708204
-0.190220408361308	0.185508637973124	37.5445760609481	-38.5630210141322	-6.96291988577653
-17.4531117066520	-23.7169636999264	3.38578784989727	-7.22446180881798	21.7985108790209
-51.2472034367026	-59.7652782387545	8.19013477777554	29.3492457416998	61.9648353386929
-2.75521885490295	-6.38309071082046e-05	9.67636057141634e-05	-0.0422927049711928	-3.71297778712591
3.21212619862670	-0.613392700295258	-0.994931344426484	0.655675425564952	2.57614715190447
-0.0704745904693862	-5.78772648012678	8.55444853669435	10.9080201792039	-1.74105249533000	-24.3580531814918	-6.30938537329704	2.98628590889162	29.4455800597721	31.4763909105330	3.75530529773646	-2.17702193374022