-10.0472963164003	-2.72521041067905	1.1306071128951	-1.83944443664925	4.5203501617238	-5.23706186349801	-2.38034051183827	-14.3197485211033	3.89502468595656	2.03946781458486	3.35251441976973	7.90780793323839	2.13875180650607	-15.5762250073426	4.06431355255196	10.8217823363338	-11.7717324287751	-18.3523725532267	-3.19991604754886	-11.3691519070273	0.238608496365888	1.25496122648222	0.558525205041497	1.85752948939631	-4.30284628993214	-1.90388113626302	2.79586303025817	-5.15163526191535	9.51970203482322	17.7397755978373	
1.83831327441523	1.30836161434825	4.56776081525981	8.91122410484149	-1.28408884246676	1.3040511818109	-1.61791647036486	-6.65968976935429	1.42114551503715	3.01112516418131	0.215639831529376	-0.731713181181447	-3.83862381847665	1.06817227790793	-3.10915513254571	6.93606091280448	-7.22120006373054	-0.00968371018973244	-10.9009838062221	5.16265551526688	-3.76941812583596	1.43185027596283	1.62015065855585	3.83122858989201	0.0544486254214571	-0.402454608020081	6.14400811994807	-1.12050304378556	-10.1838328204946	-5.77158964261541	
-13.939803452197	0.185264743015864	4.27763680847389	-0.781170166596673	-0.694313525000959	-2.23523043186896	0.331259394293021	-4.69914176054009	0.522972364083936	0.211466513134842	2.45119940687566	2.44144395874536	0.201544104063293	0.905941696558541	1.3724309127821	0.839621176348977	-1.043944885997	-1.13248197613287	-0.413663121599955	-1.06200877722747	0.0488607610871445	0.110435304025721	0.124900383032634	-0.0796554968608414	-0.0107192396464985	0.309845583399393	0.344375027384441	0.19386780188549	-0.182061719022066	0.303680980094324	
76.780056164336	-0.866568145946845	-0.198117700840234	0.852536987922239	2.25615985635689	1.41572888007069	-4.33961129364459	26.8432251098361	-4.44483353365182	-6.26936617993451	-9.24301596914767	-9.18670280664355	0.00317741607547844	0.21528727297417	0.403661445860444	-0.859880082862648	0.129951285038687	0.00576154093507768	-2.13130160783787	2.73447542338667	0.0956876596454674	-0.760456309662717	-0.614626104561665	0.0520725551128558	-0.155679796648729	0.385666552603605	-70.6405679465252	0.646445502526648	-0.403779300711035	0.676791198690924	
-8.00372489899566	-0.137124488029954	-1.63362167757444	1.3277216317236	-0.175122401676228	-0.443401065068441	-0.263158076356226	-1.65577230788068	-0.205667533672772	-0.0586635228156233	1.23051691642121	1.09915840954078	0.0461012442672471	-0.581719029568377	0.317382028877778	0.565218221722299	0.135073349575255	-0.173406725938709	-0.360712203882142	-0.157920399774663	0.0283355916871628	-0.00687701183610933	0.173464801434871	-0.256821491177664	-0.0672913693086074	0.0114341825117185	-0.00379048198291719	0.118813101339634	0.325759422589856	0.380784479993704	
-14.7236152130819	4.11111456842512	-0.371655785289866	-5.68817520354112	-5.18451652356675	6.9993731904757	-5.91686067250345	-9.59896146887087	3.60363568298348	4.43210779904643	2.84161049765904	4.05292611897756	3.73564785237395	-4.61569106022088	2.88811428339084	-22.2527073488224	-3.28631571728153	-0.382704625863289	1.31666533827582	20.0668724712608	0.0794877963770541	0.734272458393204	-2.41990418359412	0.0109494230762796	-2.22908017583378	1.88330032740406	2.31703178046528	4.38024810373608	5.33627465230942	2.18845721374954	
-3.35115766971502	-1.30288476110501	-2.91433916310989	45.1135532694584	-0.0867743634913757	-2.34814547740729	-5.3163330691725	-2.70354313896591	0.413592950749844	3.57132264158041	3.70587512610478	3.05289460909266	4.24601320705373	-0.0886274003330416	1.10287942799106	6.9520921480947	14.9880433296495	-8.14836796866789	-2.30376673945225	4.90706362192254	0.662781932829726	4.60002320196139	-6.78099568109606	-0.120118758734918	-0.0951193905192003	1.98741008470778	8.20074912578947	3.10028523108243	-1.30395650921044	-5.60153558206756	
-0.630817359438358	0.197535593906345	5.07811916568191	19.7864176087538	-1.25032911225464	-0.284227766694928	-0.309971408596915	0.520790692725161	-1.71422465279719	-0.729458515896115	1.23024979267218	1.6202303895205	-0.0568194523266965	-0.928819163877069	-9.04114075784063	2.46591782070976	-0.75596157088916	-5.4421207942132	1.53758471888669	-0.133943893180525	1.39354005794653	0.400808307291187	-2.47732467934163	1.06463033176607	0.292454077852234	0.746342214473072	-0.270365848207519	-0.112820787941891	-0.153712521009164	0.343146899216281	
-10.713293781193	-2.90992659804439	-12.5710632297005	-11.9510615045552	1.6511741358605	1.33670772544959	-0.596089124708907	-2.5755170452665	1.88665552274723	-7.37532054206417	-0.968915152614371	-3.85208343140921	5.30145704266408	-2.53149817779443	-9.29511837880924	-9.26548692655876	0.481072091659399	12.1459545474016	-13.807233400488	26.6150620365832	0.390902955016628	-5.63023827478429	-0.923957132590332	-2.71654206649288	-2.66362591562274	2.76872554293835	-2.36866403055865	-8.68663515438938	-3.6697500627628	3.43964346412292	
3.23860632405153	-0.0609609179826847	1.08205617878561	-0.316861091960864	0.6365022897525	0.994192597820075	0.232624544189875	-0.0877297225235971	2.03736651633006	1.8753781753533	-2.0975984750842	-2.12261535373029	0.215593211443536	0.384615607751802	-0.168010413273613	-0.192184761534614	-0.382995339803004	-0.287429838346741	0.118084837578666	0.00532003707050173	0.0613394397774991	-0.107894421701964	0.0974474077180016	0.166756051826814	0.145323664238162	-0.171432491246564	0.129890087017744	-0.0478183847130449	-0.0437813251675475	-0.109590369595792	
-6.01779734512066	-1.63046938471594	-13.9734485426723	-17.1870416448908	1.48982662858742	0.500049148655364	0.597849578561436	23.4406587091402	-7.25003936985429	-5.77628772144614	-7.86836894846621	-6.99032724716839	0.446758307983252	-4.39257297044394	0.692784430547825	5.82288674355587	0.238860089204861	-8.02339547799751	0.162774242791219	-2.00717444982501	-0.593853389267371	1.46005739753498	-0.299227910551278	-1.51597420158014	1.66752925875636	-0.0193700488893732	2.44283779648507	-2.62976619053971	-1.05216160889446	-6.98591226429468	
-5.79503998601342	0.448492479599685	24.2403863189704	-25.6257152642892	-4.37085567278851	-0.649931196153327	5.27394716697918	-14.303184134425	3.4953667152812	0.373086541646729	3.50417131482951	4.58992969132348	-4.91663512185762	0.107836133420787	8.62119236715603	23.8708366138071	-0.271578784286932	2.06911236076952	-22.6227573058472	-7.05983050276196	-1.77688287117973	1.52966124077952	9.25634481630002	0.391412266188561	-5.18807110720696	2.74511160442929	22.6215087767313	-5.20824960138217	-7.5037317799175	-10.7151199806987	
-10.1354511217982	-0.576772906537855	-1.96619639950367	-11.8670249149114	1.94204236329468	0.757371066419871	1.02045552088865	-8.80334879144019	3.30096154726638	0.898925917335874	3.64859766338326	2.89307319292359	0.667043593790541	-0.419899646627609	0.950080764760448	5.93896581265364	1.16872090652342	-3.87032206456629	-4.532402572539	-7.96885251345254	1.24453070071693	-2.51215333617911	0.240785095130692	0.47425915616285	0.638285319316085	-0.821446570764622	-3.36239515268686	1.19568803204475	2.00758051412119	2.6834771870697	
-5.72194913062647	-0.416211753567704	9.9028882272211	15.3874627364494	-0.379940643511233	0.0395049271011844	-0.656214757581433	-7.87318535010452	1.33698459634639	1.09427390829738	3.71648034854732	3.91136477115425	1.14875897918785	-0.288715911698301	5.10719081921102	4.66119699473689	2.83795001404652	0.281435624632178	-2.2866997863922	9.45875015832988	1.07521129326492	0.658101906081946	-0.153360782306949	-1.65527307968162	-0.0845190248001067	6.83381783944994	-2.28412184650506	3.58344246189293	1.88262712914668	3.89388643227618	
-5.7192291923923	-0.169226917582607	-0.442178553953425	-16.3082501412143	-1.20067438327017	-0.314931150741188	3.21382674828048	2.64196170461872	-1.60748548029604	-2.08681069939112	0.642768362813478	1.86700933773115	-0.00553973963517058	-1.60494318393736	3.70488956565491	-13.5273986671212	1.97521563826189	-2.3293188753074	3.4731512976252	2.54934503348382	-0.747422926984435	-0.770623538898096	5.36355578621098	3.89227704950535	0.697329262408416	-5.98173919051037	-2.34740486248233	-2.7593051627731	-0.922541067523996	0.812404452649599	
-0.125315114576305	-0.245167828957273	0.677477872636954	1.10892232051752	-0.168334642340912	0.0213806431023784	-0.267350439040423	-1.21990530955232	0.511653209515906	-1.11575190698038	-13.1746292405949	-0.172776526623512	-0.147499874727699	0.108135380840296	0.158968067206993	
11.8450451753005	14.4742245032132	6.50646708574761	1.34649849471599	0.49983210375653	1.06922356938214	1.83533917448568	-56.1664205359919	38.6820382074692	8.36393570267552	5.16564606610174	2.29833702137077	-0.0597391665448128	24.1021989173787	28.6216698223377	
2.5512825581716	0.571383506903453	-3.59509744876062	-5.09952718841214	3.1305470480842	2.28300286977856	6.63669680577756	-0.0972031781716721	-0.293282571735141	7.0920670598567	-6.73488738147828	5.27055058044047	0.567670471308613	0.66071409359708	-0.678406439707291	
6.86994018635742	34.782198561653	11.8082874370518	-70.4244492176723	-10.1362242067524	18.9227026540887	13.7335983162578	-12.2488940569919	18.7591750660971	9.12710255488024	2.40293894710249	-13.5492875389678	24.0129003064944	16.5579223137004	-10.0120756300873	
-1.93972552543835	-0.476284926441692	3.08511053483726	4.72313506337517	-3.04138986964568	-2.15769067042313	-6.6629654897521	0.016498588753563	0.423733619070915	-7.11291317501262	-9.98136042793078	-5.34316658317453	-0.539782117223015	-0.567013146864283	0.639484050243824	
-0.0117908603666528	-0.0266390205512493	-0.199561220540679	-0.952463252100526	-0.0334996278367772	
11.5172954929796	-0.945378250231491	-11.1285169164284	0.0325308462361149	-12.1469073053167	
35.9161669095238	23.2343646213186	6.34786140831953	-6.27567344582499	2.9756780473963	21.6746580222229	-14.7706621154439	11.6898627319226	-20.4590347956429	-1.08722827175038	-36.632388919232	22.444537672851	1.9192926103158	17.3049599011803	-5.18300407822567	4.72557807905456	-6.27624097086863	-13.2566043125324	-22.1478485461663	12.8966641494469	0.988676673725041	1.72270617679583	
