9.53910983899809E-05 -0.000345003320007182 
-0.000585509985571658 7.25946576946144E-05 
-0.000128265379284607 0.0176932356316712 
0.00019131725318122 -0.000387029069749264 
-0.000222213324914126 0.0128834036593598 
-0.000147463094375766 0.00192674624290834 
-0.000460339802211788 -0.00215427146672642 
-0.000673250802406639 0.000207590131613398 
-0.000811334590272304 -0.00080061538287748 
-0.000231092224793997 -0.028064311076638 
0.000170189198903899 0.0175604674475577 
-0.00130448408211698 -0.000669779533264974 
-0.000415723809306972 0.000233110011350814 
0.0468048028152984 0.00107096216461672 
-0.000157588177687091 0.0206037685516413 
0.000161867514604443 -0.000528110146570181 
-0.000276564672233554 0.000780675416095622 
0.000285161818420924 0.000725109056716046 
-0.000290655708846746 -0.000444645866214146 
0.000174704456156978 0.0011900078550421 
0.000151486373792724 -0.0187832684312425 
-0.00062257020397302 -0.000265532002731998 
0.000153897476025349 -0.0180368246840198 
-0.000432019447499857 -0.000359673801216869 
-0.000772324266842114 -0.0163236494843127 
0.000349915722949235 -0.0131294463228231 
0.000681041891317928 -0.000821290240058594 
0.0464657558142168 -0.00106257754057073 
0.000390644933631068 4.40350539496933E-05 
0.000586497219036398 -0.000728340676240574 
0.000889440288114797 0.0226578419618811 
-0.000502322176302344 -2.41915314111687E-05 
-9.29722812563618E-05 -0.0163934195787217 
0.000305540569499724 0.0155989827502264 
0.046344922417829 0.00135577011550776 
-0.000672288881655519 0.000888600755226706 
2.88086840744422E-05 -0.000415250062755091 
-0.000179405813281468 0.000264023699481186 
-1.23849830101364E-05 0.0117233980980315 
0.000262230385225133 -0.0186662773745997 
-0.000519345565917714 0.0308417077194413 
0.00134118698626218 -0.02515982165614 
-9.09711810935591E-05 -0.00118507596908249 
0.000313795063082347 0.000267085190643558 
-0.000351920763844279 -0.00163516898667736 
-0.000266316306032954 -0.0148038109994054 
-0.000395814650928777 0.00121112595150723 
-0.000471160657242371 0.0226793273278439 
-0.000274008934815964 0.000322711029475542 
-0.000901756035073865 0.000380407681229452 
-0.000136043223308086 0.000146929290809023 
0.000133866588175579 0.019583825256155 
-0.000353745567853997 0.0211494945523488 
9.68781203736029E-05 -4.21534576446256E-05 
0.0461215020433402 0.00070428911003592 
0.000243664353664236 0.00590616593827403 
0.000438378961033134 -0.0220851674524721 
0.000388471112936896 -0.00118988304855696 
0.000249537262904328 0.00167234540510418 
-1.1686865272716E-05 -0.00313729458758859 
-0.000263249471715242 0.0001614320727828 
0.000337329531504447 0.000373766731732243 
0.045238062590426 -0.00548699773774405 
-0.000414879990941314 -0.0127870052128579 
-0.000304076246169635 0.0165823294020729 
-0.00033293544264918 0.0182744267065981 
-0.000759167038697184 -0.000257272872998914 
-0.000635777429609845 -0.0293471136967308 
0.000189140545890021 0.000621711960970872 
-0.00013939010516588 0.000602474981485189 
0.00140863083997604 0.000235796584678165 
0.00060757983840784 0.000902618105186757 
-0.000646776930292066 0.00030755042794685 
0.0142723501167177 0.0165404652973738 
0.000606404786912097 0.023690370543319 
-4.033078860009E-05 -0.0211860042909507 
-6.92149691433493E-05 0.0204126745231547 
-0.000254736212069253 -0.00148399354579952 
0.000145832203484983 0.000498594339665408 
-3.75875195230704E-05 0.00546022472343322 
-0.00146237145069832 -0.0120549539262529 
0.000180783101414151 -0.0193634047473789 
0.000469035486389831 -0.00027751699119797 
0.000282931057666755 -0.0242198041637102 
0.000414356150718677 -0.000935530481339201 
-0.000386284910306557 0.0265210017213178 
0.000280561919133244 0.000285372814154196 
-0.000240657621495654 0.0185487637920515 
0.00090340611076728 -1.46285439342963E-05 
-4.11908260063875E-05 -0.0267210440553433 
0.000373177753000555 0.000134581598812928 
-0.000414079417792029 -0.0191884374625342 
3.89617383667233E-05 -0.000634097846406021 
-0.000590645240750319 -1.19266331166205E-05 
0.0471366753318033 0.000854137976745673 
-5.877362597244E-06 0.0209608157526637 
0.000861983036227374 -0.0139466132246504 
-0.00119052722630248 0.000207542747477686 
0.000441232589591383 -0.000597513572963235 
0.000590239847815506 -0.000635722576081379 
-0.00102102127714708 -0.000919609583015796 
2.23494064625128E-05 -0.00348663824973905 
7.39692647064761E-05 0.000118180102176075 
-0.000254392093067524 -0.000624216191222501 
0.0143017273010705 -0.0161733862839895 
6.00996775391823E-05 0.000541211342797239 
-0.000369686883389569 -0.000139483488264276 
0.000342172466133485 -0.000723701361501974 
-0.000592949631196912 -0.0152931148383022 
0.00028442685052999 0.000416326991539312 
-7.42598885937895E-05 0.000215420300230286 
-0.000541156124743174 0.000986083298464917 
0.045699426181993 0.000523314442681422 
0.0467404887285926 -4.46485547444225E-05 
-0.0002876284446984 0.0240515390989815 
-0.000553368187620797 0.0306718711531926 
-0.00105331242373057 0.0312523072391489 
3.76052137645855E-05 0.0117014639561093 
-0.000397012210993623 -1.27799310041162E-05 
0.000777900426510911 0.0164977096146931 
-0.000126604019151978 0.000705115881443042 
-0.00020514868220914 -0.000767672077976723 
0.000487002515877902 -0.000862933839752562 
-0.000300032310430021 -0.0189796518369406 
-0.000696811702101067 -0.0187701180675951 
0.000467110945265218 0.0303476695370787 
0.00043293300874485 -0.000723934600448284 
0.000241063887723206 0.017618488143532 
-0.303824402502315 0.0544361535194699 
