-0.00822784198294733 -0.0540218336282356 
-0.00215188008438139 0.106102843987016 
0.00224666970151621 0.0506688260449047 
-0.0761887488146426 0.0793389518497551 
0.0035915749957696 -0.0840327444718146 
-0.00115795392763931 -0.0519557288814652 
-0.00315982485563297 0.0447128463760956 
0.0247012495746109 0.0306153099747323 
0.0472716397588395 0.0423470162479515 
-0.00275058769430769 0.0640391448061317 
-0.00880623683213673 -0.186887321155944 
-0.0128604180886103 0.067150808466713 
0.00120676091146094 0.308459586264381 
-0.00125648015093416 0.0679318151470412 
0.00622963027325217 0.0497208601523506 
-0.0570531413201532 0.00540091006903623 
0.035133749108748 -0.106762611820628 
-0.0568096529367575 -0.000696704163366934 
-0.0108313112275789 -0.212875627164129 
-0.00013659400634658 0.0456821438604007 
0.00407643392806462 -0.0597563779949523 
0.00758638102675586 0.0678871190223598 
-0.00178424094038956 0.14348132826989 
0.00176035281791971 -0.0563626799156671 
-0.00941535736392354 0.0449675741018994 
6.78417422783184E-05 -0.0578748855383956 
-0.014709740715589 0.333511519748431 
0.0562048561231525 -0.0508954468733723 
-0.023053131831314 0.0465122097534928 
0.00277214964946763 -0.0388669500092237 
0.0091254955720982 0.130418300564021 
-0.00379727562426758 0.241195490449336 
0.0467927012324244 -0.014358069074037 
-0.00237791259725588 -0.151399868857344 
-0.00540524710418863 -0.0425615766133769 
0.000191566999243424 -0.0651251494253406 
-0.00253566014964064 0.0438179890894772 
0.00647357855144073 -0.321291955105829 
-0.000745367564446014 0.072788767796307 
-0.0620619513307295 0.865675404180126 
-0.0295079196888859 0.469445534437072 
0.0800268045306527 -0.00125690379494615 
-0.0516603264848189 0.021923617795131 
-0.00914529367134287 -0.168799372264549 
0.00595312689814302 -0.0366755725230116 
-0.0155890804627275 0.0689961950628306 
-0.0058645236202172 -0.171239318751989 
0.508631940656441 0.0754434312713206 
0.00501892320754446 -0.181337716902188 
-0.0105551623474958 0.263931658308676 
0.0497994981103019 0.046986691687972 
0.0141631512767077 -0.284772775481041 
-0.0561690682134085 -0.00330010039538319 
-0.0015039112380545 -0.0506902107437144 
0.0029794118660134 -0.0447803277916369 
-0.0101227301196907 -0.0942166474849612 
-0.604342046353456 -0.059143840509642 
0.001267270394826 -0.18234057592933 
-0.00975711756466037 0.118631727853284 
-0.0469064600607398 -0.529083664089646 
6.09399389759511E-05 0.185712195899016 
-0.00702902809873337 -0.136716729050892 
0.00223457587398876 -0.0424497811475227 
0.00129435792506834 0.0444115322720704 
0.0181294316312266 -0.0846483914469034 
0.00112301849922689 -0.324202694761866 
-0.00385312837688546 -0.292833968216756 
-0.0142319273927556 -0.0855397702673565 
0.00611475087865057 0.231253166156293 
0.00642101845511416 -0.345223064386187 
-0.00083557028117232 0.0920259746041203 
-0.00519378769131108 0.319383642491032 
0.0750910098963936 -0.0130653673718158 
-0.0062002211356815 -0.325917349168996 
-0.0022056968919679 -0.331644821067762 
-0.0580815900554624 -0.0157381040337594 
-0.00269256845310394 0.180840249680459 
0.00367345008698058 0.0384179248472483 
-0.000891829437947566 0.0589519001408142 
-0.253457398870058 -0.0179250860808475 
-0.013182261204936 -0.0437831991993926 
-0.00236415981925063 0.0416728685138933 
-0.00697279479917755 -0.105823893360745 
-0.00706011060967305 -0.156759321564036 
0.0730440421928876 -0.00147166781963128 
0.00332173341133727 0.33032245550511 
0.00820158166453259 0.152163163832505 
-0.00579735257651452 -0.0512715608986868 
0.003391760338574 -0.474602269408539 
0.0015166216924294 0.236675275747575 
-0.0581517597647537 -0.00516425213477431 
-0.0167582180960207 -0.171198661529092 
-0.00125077979519402 0.362806535046655 
0.000918833158696986 -0.0558887504894201 
-0.0312434914016958 -0.454153225378659 
0.0802143347656112 0.00351608228864492 
-0.00311393181976793 0.183284033200095 
0.0778984525270736 -0.0126476077950474 
-0.00136883071928428 0.132773732476823 
-0.00290437058572481 0.0399988638995205 
0.00689867572319385 0.496670634875311 
0.00821625819109663 -0.0871675393869999 
0.0311866265735986 -0.0328761512036262 
-0.00546305587198104 -0.223274529759975 
-0.000851850178016369 -0.12697686395703 
-0.00678216434810833 -0.0586704390613443 
-0.00271800585904394 0.0675963256976995 
-0.00019344433141527 0.154611941450709 
0.00198429588954288 0.158410228908706 
0.00201636603171086 -0.0989481809908385 
0.00163304504320604 0.229987256310999 
-0.00457146282038635 -0.0778116945781088 
-0.00748953991727019 -0.0429600643443495 
-0.0170546874825458 -0.232785494997838 
-0.00143277261068049 0.2275025156806 
0.0771921970649384 0.0014544460734771 
0.00551310185926134 0.050620837816584 
-0.0581726804443481 -0.0110573801275277 
0.00384199585979572 0.0430077903186397 
-0.00417818508629881 -0.148266235440004 
-0.00564120190490635 0.0676498776600529 
-0.0270134535927735 -0.0431237516019798 
-0.00773026903899136 -0.0411902393313666 
0.00513881989692833 0.0147853203841896 
0.0752040846304525 0.000250553364079086 
-0.0533465300636472 0.00396696236269518 
-0.00176947479194904 -0.486065133143051 
0.00548306079994115 0.0486628547029171 
-0.324140726686995 -0.0689327443961083 
