-0.00780688170655702 -0.0542677843397686 
-0.00556971533883228 0.104192525625745 
0.0022028224427951 0.0461755887472807 
-0.0746045174913509 0.0788685084174749 
0.00442603404891122 -0.0868306930786144 
-0.000915957793495108 -0.0536364245073078 
-0.00204008750832291 0.0422536771046901 
0.0231907616963852 0.0314782514567393 
0.0452543338160177 0.0424057652185333 
0.00175239380511612 0.0663618586802983 
-0.00976515268477843 -0.189414587218084 
-0.00976614005600045 0.0639964597472826 
-0.000346477450099458 0.307452419779392 
-0.00344731323682837 0.0678018439981403 
0.00799838123548042 0.050588430074635 
-0.0582914136827309 0.00815510206613918 
0.0364884434762186 -0.109979888573877 
-0.0539521054484609 -0.00476743329541394 
-0.00861747708715632 -0.211551116794746 
-0.0017398780763285 0.0462961263503556 
0.00700108480014644 -0.0553583001166375 
0.0101956353263819 0.0663507140675012 
0.00055808762238759 0.144327915958006 
0.00441227280072716 -0.0552828941343503 
-0.00723394173903302 0.0441495540427313 
-0.00444796664969378 -0.0608424656129965 
-0.016567947535506 0.334344689057883 
0.0528169067030874 -0.0486513865422367 
-0.0193345513828511 0.0467355259202665 
0.00564750364236255 -0.0346711967903503 
0.0100555253529742 0.132619305738008 
0.00102233917382969 0.244394813572799 
0.0483552341808081 -0.0124468622352015 
-0.0020737300923634 -0.154121663949391 
-0.00629856116209646 -0.0431235445521613 
-0.000672522957377873 -0.0653447565449394 
-0.000169461101682677 0.0406481789063404 
0.00899385074613131 -0.31959013964418 
-0.00145848522441735 0.0703606415911697 
-0.0604998194203312 0.862678550628655 
-0.0287436034548878 0.469514488068067 
0.0772286150550671 -0.00179234196615555 
-0.0533357573631681 0.0242499530089484 
-0.00895629755611715 -0.167680819704736 
0.00563699686316491 -0.0367662513732449 
-0.0163195808506317 0.0741089222290852 
-0.00418293325112355 -0.169979546848239 
0.507829090663726 0.0805904796712098 
0.00519441378955621 -0.185267358224231 
-0.0105318910581324 0.261023207534412 
0.0509389307953196 0.047937004061032 
0.0127966786177266 -0.289088201109972 
-0.0567200258177496 -0.000537492475150734 
-0.00241428765881908 -0.0526110413731003 
0.000695281478980682 -0.0467478834807455 
-0.00667874942678954 -0.0951287500239667 
-0.601257459395286 -0.0603304421578822 
0.00135913488149556 -0.178139927281243 
-0.00918132561688217 0.116927971629985 
-0.0464551087607218 -0.532969675547685 
-0.00264025203920852 0.184411023142301 
-0.00501129045400778 -0.134397155065961 
-0.000936464175097261 -0.0413677890777929 
0.00262559442898165 0.0423957502236721 
0.0126402622481993 -0.0866781401503078 
-0.00069022911934133 -0.325409573801589 
-0.00690155337318046 -0.292786788233888 
-0.0139448109274497 -0.0862125691082127 
0.00421060467042073 0.229430829811432 
0.00201313518645156 -0.345237700482974 
-0.000721067839196127 0.0946226040505262 
-0.00502353873707134 0.320330902137768 
0.0786151595458649 -0.0134807927225087 
-0.00740451492020229 -0.326281591144268 
-0.00174195548228125 -0.329589510515959 
-0.0579337363051456 -0.0182822599302428 
-1.47518825588055E-05 0.177690723235256 
0.0028691637891067 0.0402615027871863 
-0.00147245200781895 0.0583880626895076 
-0.250178381748109 -0.0190712330531241 
-0.0111538622868226 -0.0432748210735532 
0.000717376232596442 0.0420155143320592 
-0.00664030016792369 -0.105596436329915 
-0.0119825973449893 -0.158145317290529 
0.0709732965775472 -0.00119380719389981 
0.00608695576944831 0.333317611299543 
0.0103086812081019 0.149506942036705 
-0.00537446377473584 -0.0533369483306714 
0.00897914782022548 -0.474018594112344 
0.003651618526095 0.237259233547388 
-0.0564625014122973 -0.00406580115738337 
-0.0121789323614998 -0.171684332271317 
-0.00391518495070948 0.363050640622776 
0.00145754025022317 -0.0551906215387179 
-0.0337315976191595 -0.452370114355085 
0.0806089611964207 0.0065991762335159 
-0.0037918825847837 0.184445699605503 
0.080278820213967 -0.0136385109807049 
0.00148583517348032 0.137024738314691 
-0.00288663307203667 0.0401733473255562 
0.00828352791521151 0.497449364319077 
0.00658318933295937 -0.083749224610439 
0.0309635174690853 -0.0352366505459482 
-0.00569090861023948 -0.224999300586235 
-8.62723203746366E-07 -0.128837972015525 
-0.00346716469721603 -0.0591305709200165 
-0.00207726764581036 0.0696943575180421 
0.000203584336457496 0.154837723384037 
0.00233679098265569 0.154918626510172 
0.000600014303598013 -0.0982627644339113 
0.00180859768430396 0.228790043326775 
-0.00680892482762105 -0.0772421485152286 
-0.00690213971495396 -0.0437647386329037 
-0.0204403901157028 -0.234962271052283 
-0.00204595939157997 0.224492904966242 
0.0793309529327949 0.00338785521905478 
0.00537487363437405 0.0531783787260081 
-0.0557411408439474 -0.00954982371704325 
0.00323394319711817 0.0434645952692054 
-0.00395394402221626 -0.148083338551403 
-0.00446507758313272 0.0694265528760451 
-0.0277633395986782 -0.0404111772627428 
-0.00613994847370427 -0.0398486783400906 
0.000522366435959973 0.015131546991437 
0.0715453196661938 0.00170097311025003 
-0.0513503558442117 0.00325442146138771 
0.0033008552722376 -0.487329839688084 
0.00477782557748472 0.0480124858865532 
-0.3281833444286 -0.0704311933097316 
