-0.00815269105456812 -0.0541359336409618 
-0.00223105465112886 0.106048960685767 
0.00232217575046621 0.0506980238141925 
-0.0761988859364697 0.0794525723758817 
0.00360313080556513 -0.0841474344248278 
-0.00106836890790152 -0.0519388417975371 
-0.00318511013422284 0.0447019041871396 
0.024599263914884 0.0307316179823262 
0.0471609320210855 0.0422537256581977 
-0.00282602066648605 0.0641239870266744 
-0.00871731327481904 -0.186964755951213 
-0.0128879482891695 0.0672235565727479 
0.0011506343040915 0.308531366210114 
-0.00115273139071553 0.0678457878545864 
0.00613466097341825 0.0497081512659621 
-0.0569422438960567 0.00540709509787703 
0.0351965150779623 -0.106690368252303 
-0.0567102121728063 -0.000579931532357893 
-0.0109379482843798 -0.212899016130864 
-2.17145192875303E-05 0.0457396034667624 
0.00412310814601881 -0.0598351192718548 
0.00748607299901531 0.0677756402019741 
-0.00177501252713728 0.143505708967077 
0.00180596304393262 -0.0563383438528475 
-0.00942687537169808 0.045024046965974 
6.29501750584144E-05 -0.0578620372280428 
-0.0145895535484688 0.333564759675629 
0.0563164389304594 -0.0508634564695486 
-0.0230191063236575 0.046480882400534 
0.00265379763576419 -0.0389838192258301 
0.00917153990099096 0.130373595414825 
-0.00370928111813062 0.241099159825697 
0.0466877091751382 -0.0143952644029636 
-0.00230319616271858 -0.151376802384436 
-0.0053950347372723 -0.0426597395842893 
0.000293916743814668 -0.0650918728765357 
-0.00262323490662985 0.0438056918307607 
0.00639115123420566 -0.321244885591433 
-0.000843089651797096 0.07275212109631 
-0.0621190269577704 0.865715492195394 
-0.0296023452889895 0.469404351814648 
0.080072890565796 -0.00128775063903111 
-0.051547548484164 0.0219010715890511 
-0.00913870048979873 -0.168910441542356 
0.00603438297898519 -0.0367287174827077 
-0.0156269286591985 0.0690414806788121 
-0.00589015589307265 -0.171128165368147 
0.508522760614086 0.0754142153186471 
0.00497278274432858 -0.181221098986466 
-0.0104410537907718 0.263857486731031 
0.0498697576927743 0.0468886401212532 
0.0140566796527874 -0.284806725837727 
-0.0560943497740816 -0.00321767319158439 
-0.00152408349053599 -0.0506783216377012 
0.00299448379062287 -0.0448364098185501 
-0.0101136129483395 -0.0942665705971312 
-0.604436893399197 -0.0591816852187899 
0.00136542209814684 -0.182373944297836 
-0.00972731342917594 0.118629973883682 
-0.0469949733652107 -0.529045514621028 
0.000137746748328806 0.185777386291537 
-0.00696662238684379 -0.136773967044103 
0.00229485641937098 -0.0425133123387565 
0.0012326714269051 0.0443333994510629 
0.0181057190950412 -0.0845810074916414 
0.00109563315701581 -0.324296439445116 
-0.00388328831378297 -0.292937467585976 
-0.0141415036401363 -0.0856567396205649 
0.00605944456032273 0.231212607228299 
0.00643604849152583 -0.345313308909155 
-0.000717348914947209 0.0921412739994748 
-0.00519933357390418 0.319400385278964 
0.0751493430851698 -0.0131738877759404 
-0.00618068379378211 -0.326025732052527 
-0.00231329053127043 -0.331600037421786 
-0.0580200148237967 -0.0156618952075501 
-0.00260803255273413 0.180795613448742 
0.00364306701980656 0.0383023987173761 
-0.000931691396732425 0.0590232618299286 
-0.253431034452302 -0.0179074317701103 
-0.0131587428227975 -0.0438458339506901 
-0.00244915349687555 0.0417411518030643 
-0.00688089616405618 -0.105841626825968 
-0.00695927846512199 -0.156871264560382 
0.073036369050944 -0.00137714208292563 
0.00322307604133531 0.330272223248765 
0.00830539297834285 0.152044299731178 
-0.00575682915429874 -0.0511894581648649 
0.00334190129386449 -0.474677201804405 
0.0015216458302656 0.236723481377259 
-0.0581142329780634 -0.00523815106923001 
-0.0168493525975493 -0.171146562391429 
-0.00136556639142123 0.362823536198058 
0.000861147894900709 -0.0559948695144243 
-0.031196012383918 -0.454067870815991 
0.0802578226910112 0.00351000960102621 
-0.00306025984569453 0.183402004245593 
0.0779052849417913 -0.0125873469973483 
-0.00128913296612838 0.132820498624883 
-0.00285893111309074 0.0399543352336955 
0.00680991849434177 0.496681519893733 
0.00823614376933268 -0.0872490634431846 
0.0312094722697522 -0.0328849390354396 
-0.00537006303975843 -0.223191725078101 
-0.000816414512125481 -0.126968754438202 
-0.00672723611344741 -0.0587559639440869 
-0.00277226362758927 0.0676950798055954 
-9.27214875448697E-05 0.154588763447479 
0.00189220031995034 0.158393731413241 
0.00207884059728556 -0.0989938788269438 
0.00155240152195648 0.230073612160731 
-0.00461028951468584 -0.0777841269628967 
-0.00755909742578814 -0.0429320537069091 
-0.0170379963931402 -0.232679059409702 
-0.00143787380690158 0.22760337362494 
0.0770740067257808 0.00147841620053175 
0.00551332531058498 0.0505497953004217 
-0.0581563129056363 -0.011151333679082 
0.00386880666692754 0.0431187751931193 
-0.00426952696461307 -0.148251638884594 
-0.00559659826590223 0.0676299830342069 
-0.027034412963845 -0.0432049774228532 
-0.00782043803080801 -0.0411818218430476 
0.00506640965803139 0.0148608335701906 
0.0751007375122566 0.000159968462202558 
-0.0533147690161791 0.00394256229149178 
-0.00166458788964078 -0.486094591154135 
0.00539858033554211 0.0486083369441569 
-0.324211610294098 -0.0688198311132609 
